0 10 6 2 9 4 0 7 0 0 0 5 
0 10 5 9 6 12 0 4 2 1 7 11 
9 0 0 5 12 0 4 2 10 3 6 8 
0 1 9 12 11 2 4 7 6 3 0 5 
2 0 5 8 1 0 4 3 0 11 6 7 
5 3 1 6 7 11 0 4 12 8 0 10 
12 5 0 11 1 9 6 4 8 2 10 3 
0 11 12 3 0 0 2 0 1 7 8 9 
0 0 11 5 0 4 0 10 12 7 0 1 
7 0 9 10 8 0 3 2 0 0 4 5 
8 0 2 1 6 10 5 9 7 3 0 11 
0 5 0 2 3 4 10 9 1 11 8 7 
7 10 11 5 12 3 4 0 6 9 1 8 
0 10 1 0 11 0 0 4 2 5 7 8 
3 11 7 9 4 10 0 5 0 12 8 0 
2 0 7 6 9 10 0 11 3 12 0 1 
2 0 9 7 12 0 0 5 10 4 8 6 
9 3 10 1 0 5 8 2 11 12 7 6 
0 0 0 7 11 8 0 12 6 4 0 2 
10 4 0 0 11 8 0 3 6 2 7 9 
