0 12 13 0 11 10 1 5 6 4 3 0 0 
8 9 0 7 1 12 6 0 11 13 3 10 0 
11 1 5 0 10 7 12 0 0 6 0 8 4 
0 9 6 2 4 12 3 10 7 0 8 1 11 
5 0 0 13 3 9 10 1 7 11 2 6 0 
10 0 2 3 1 11 0 5 8 13 4 6 7 
4 12 8 0 2 0 0 10 7 0 0 0 0 
4 0 5 7 8 12 9 0 0 0 13 2 0 
7 3 0 0 0 8 4 13 11 5 10 2 12 
5 0 7 8 13 12 2 1 6 9 10 3 11 
11 8 7 9 0 12 0 0 2 4 6 10 5 
0 8 7 1 12 10 11 3 2 0 0 6 5 
0 13 2 8 7 3 1 11 4 0 12 6 5 
9 5 10 8 7 0 13 0 0 1 4 2 6 
5 10 11 9 2 8 0 1 6 3 0 7 4 
5 8 0 9 7 12 6 0 10 0 2 3 11 
4 12 0 0 3 7 10 2 6 5 9 13 11 
0 6 0 10 0 5 1 2 11 3 7 8 9 
0 0 2 3 0 10 8 11 6 7 1 9 5 
12 8 13 7 0 9 0 4 1 5 10 3 2 
