9 8 1 2 0 11 10 7 0 0 3 14 0 13 
0 6 10 12 11 4 14 0 3 7 1 0 8 2 
4 0 13 10 0 5 0 14 11 3 8 9 2 6 
3 6 13 8 11 12 5 10 0 14 0 4 9 0 
12 6 0 5 0 13 3 0 0 7 2 8 14 0 
10 0 13 7 1 12 2 14 11 8 0 4 5 6 
10 5 9 14 4 11 13 12 6 0 8 7 2 1 
12 0 0 13 6 7 1 11 3 14 5 9 10 2 
0 6 0 7 3 0 11 0 0 14 1 0 0 5 
0 7 0 10 8 2 12 1 3 0 6 13 9 11 
9 12 0 8 4 3 0 14 6 13 0 5 1 7 
7 5 13 10 0 11 9 12 8 2 1 0 6 0 
9 7 4 1 12 13 0 0 0 6 0 8 5 0 
0 5 6 9 11 7 2 1 10 0 4 0 0 13 
14 0 6 11 8 12 13 2 1 5 3 7 9 10 
12 10 1 0 2 3 6 0 5 8 9 13 14 11 
14 4 12 5 10 13 1 2 3 0 0 6 0 0 
13 5 2 0 10 11 14 12 6 0 1 4 0 8 
5 12 4 0 10 0 11 13 2 14 1 8 6 3 
13 0 6 0 2 0 11 7 4 1 3 0 0 5 
