8 4 6 12 3 13 5 14 0 0 2 10 0 7 0 
12 13 0 0 15 3 1 2 4 9 7 0 5 10 0 
13 11 2 14 10 15 1 6 5 4 12 7 0 3 9 
12 15 1 2 0 0 14 0 7 9 3 13 10 0 11 
2 7 12 13 9 3 8 15 10 4 6 1 0 0 14 
8 9 7 5 6 12 0 15 0 11 0 3 4 2 10 
8 0 7 13 6 2 12 9 11 4 0 1 5 3 10 
4 8 12 9 11 13 15 1 7 3 2 14 0 0 10 
0 14 5 6 1 7 12 11 2 3 13 0 4 0 8 
0 1 5 0 12 0 0 7 0 4 0 8 10 6 3 
0 8 6 3 12 10 14 4 15 0 7 1 2 9 0 
0 0 2 0 9 4 5 11 10 15 1 13 14 6 8 
0 11 5 2 0 15 9 13 6 1 0 8 0 3 12 
0 9 15 0 13 1 4 5 10 0 2 11 12 0 6 
4 9 13 12 0 10 0 0 0 3 7 6 11 2 1 
0 9 10 3 0 7 2 0 0 8 15 11 14 12 4 
15 11 0 12 7 9 4 3 5 8 0 0 0 1 13 
4 0 11 2 9 12 10 14 6 8 1 3 7 5 0 
0 14 12 2 7 10 8 0 15 11 3 4 6 9 5 
8 0 0 7 14 3 9 15 1 12 0 2 0 10 6 
