0 9 13 0 0 15 10 3 0 4 6 14 7 0 12 0 
2 11 0 14 0 9 12 10 3 7 13 5 0 0 0 4 
13 12 7 0 14 2 10 1 16 6 0 11 15 8 0 4 
6 7 0 0 1 0 10 13 3 0 0 0 2 5 0 12 
11 0 12 10 7 4 8 13 2 16 14 0 9 5 1 15 
8 1 0 15 0 0 10 11 0 6 3 9 5 12 0 0 
16 1 6 0 0 0 8 9 15 0 0 13 3 10 0 14 
8 14 12 15 0 9 5 3 0 0 0 6 0 16 2 13 
5 16 12 6 0 15 8 11 1 0 13 9 2 4 7 3 
15 4 0 6 14 13 8 0 3 16 0 10 1 7 12 0 
5 11 9 2 0 12 4 7 14 1 15 3 6 0 0 8 
6 10 0 5 0 3 0 4 15 9 0 0 0 8 13 0 
4 10 5 6 0 9 3 0 8 13 1 16 0 12 14 11 
9 0 0 14 16 15 2 4 3 1 7 0 10 6 0 0 
5 0 0 1 7 2 9 10 13 15 0 3 11 4 16 6 
4 0 0 15 0 9 8 1 7 2 3 5 16 11 14 10 
11 3 12 7 6 1 9 10 5 13 16 4 14 0 0 0 
3 0 0 5 0 8 14 1 13 11 6 4 2 15 12 0 
14 9 8 3 2 13 11 12 0 16 0 0 7 15 5 6 
15 0 12 0 0 0 5 9 14 8 6 2 7 13 16 3 
