17 13 8 15 0 4 0 0 3 1 6 7 10 16 9 11 12 
0 6 15 2 3 14 0 0 1 12 0 7 0 5 13 9 0 
0 0 1 10 0 4 13 7 0 14 0 11 5 9 0 8 16 
0 13 0 12 1 17 8 14 10 16 0 2 11 4 6 3 9 
17 4 0 12 3 10 9 1 8 5 14 6 11 15 0 2 13 
8 0 16 11 0 5 0 15 13 2 7 10 4 0 6 9 3 
15 8 13 3 10 0 9 6 17 1 0 0 0 2 11 4 12 
15 9 5 14 8 2 0 13 17 11 6 3 4 1 0 7 12 
9 0 7 15 0 0 2 13 5 0 12 1 17 6 14 3 16 
17 4 9 6 0 12 5 13 1 3 10 11 15 7 0 2 14 
0 4 0 13 6 12 2 0 16 7 10 11 1 3 14 17 0 
10 0 1 6 16 5 3 15 12 11 17 0 4 13 9 8 14 
0 4 6 16 2 14 15 11 1 7 10 17 3 5 0 9 8 
0 5 0 14 4 11 8 13 10 0 17 3 1 0 16 2 7 
7 4 0 6 3 1 11 16 17 2 13 10 0 15 0 12 5 
13 16 0 0 0 4 12 14 0 6 1 3 0 11 8 5 2 
4 15 16 2 17 10 5 7 0 3 0 8 1 9 0 12 14 
0 16 12 0 2 15 5 0 8 7 0 14 6 4 10 0 13 
17 6 0 3 4 15 2 9 5 7 10 0 0 11 16 0 8 
0 15 9 0 1 5 6 12 8 14 7 10 2 0 0 17 11 
