8 0 18 2 3 7 0 4 0 5 0 9 12 11 16 10 0 17 
0 4 10 7 3 9 6 15 14 2 0 1 16 11 0 18 0 0 
3 9 0 11 2 10 0 0 0 5 12 7 8 15 6 1 18 14 
9 13 0 11 7 5 8 16 14 12 17 0 4 15 0 2 10 3 
0 11 14 13 0 12 0 10 3 16 6 0 17 18 7 9 1 2 
10 5 0 14 0 16 13 17 15 6 9 3 0 7 18 11 0 4 
11 8 17 6 0 2 12 9 3 18 15 14 4 1 0 5 7 0 
0 0 7 11 18 0 8 6 0 1 10 16 0 12 9 2 5 3 
5 6 13 11 4 0 14 3 8 0 0 0 0 16 7 12 18 1 
16 15 10 8 12 1 0 18 13 6 7 0 14 0 11 5 2 9 
13 11 0 18 7 0 3 14 8 0 16 0 12 6 1 5 9 15 
0 0 0 12 11 7 8 4 18 9 1 0 2 5 0 6 3 15 
16 10 17 6 3 0 2 1 18 9 13 7 14 5 8 12 4 11 
11 0 12 17 3 7 9 14 1 0 15 2 18 5 0 0 8 6 
13 12 0 10 6 16 3 17 0 2 5 7 0 4 11 14 15 0 
14 13 12 6 17 5 18 10 16 0 7 1 0 4 9 2 8 15 
7 3 5 2 9 8 17 4 0 1 13 0 15 16 18 6 12 10 
3 1 0 17 4 12 6 13 2 16 18 11 0 8 0 5 0 15 
5 0 10 12 0 2 0 7 11 14 16 3 8 6 13 17 4 15 
16 4 2 5 12 10 3 11 7 18 1 15 0 13 6 0 9 14 
