2 8 13 18 9 14 0 4 3 16 19 10 12 0 7 11 0 6 0 
15 1 18 16 0 2 10 13 14 17 12 4 3 5 0 9 19 11 6 
13 14 7 2 0 0 9 19 4 16 18 5 8 12 0 1 6 17 0 
0 8 16 0 0 10 12 1 15 7 0 14 0 5 2 17 13 4 18 
15 11 0 19 14 1 2 16 10 5 9 6 0 18 3 7 0 4 17 
2 10 14 5 0 17 12 15 19 8 7 0 0 6 3 13 0 11 18 
13 12 5 0 17 15 10 0 0 0 9 8 19 1 11 4 16 14 6 
11 0 18 17 6 9 0 0 14 0 5 1 0 10 2 15 12 0 16 
7 12 6 2 0 18 10 19 14 13 17 11 16 3 1 4 0 8 5 
13 19 4 18 1 17 0 10 6 9 8 14 2 16 3 0 0 11 15 
4 10 13 0 8 1 15 17 0 14 16 0 2 5 9 0 18 7 12 
0 0 9 0 18 15 10 2 7 16 0 6 12 17 11 5 0 13 4 
7 6 8 14 15 16 0 9 5 2 10 1 4 3 17 13 18 19 0 
15 13 7 0 11 1 0 19 14 2 6 4 16 8 3 12 0 9 10 
15 10 2 0 0 11 0 0 7 1 4 17 0 8 5 9 13 6 0 
6 19 0 0 7 4 0 15 13 18 0 10 3 17 2 5 12 8 1 
3 0 9 8 0 18 0 15 0 19 0 5 11 4 16 6 14 13 7 
7 0 6 16 12 4 3 11 5 18 2 0 19 1 0 0 10 13 0 
18 16 13 1 4 19 0 5 0 11 0 7 12 6 10 15 8 2 0 
14 10 0 7 8 12 9 19 0 1 6 16 17 4 2 5 15 11 13 
