0 10 9 15 17 0 2 13 0 5 14 8 11 0 16 12 4 20 1 3 
5 4 17 9 0 10 0 11 6 8 7 19 14 15 0 12 13 0 18 0 
16 4 20 1 12 14 0 15 2 11 18 19 6 17 0 0 3 8 9 7 
0 9 14 19 0 15 20 0 17 5 7 18 0 10 13 8 6 16 3 4 
0 18 10 0 6 19 15 3 14 16 8 11 0 12 20 4 0 13 1 9 
0 10 12 20 17 0 13 2 14 3 19 16 0 4 18 5 11 6 1 8 
6 15 13 11 17 9 18 19 8 4 16 1 10 7 0 2 0 20 5 12 
17 15 2 19 0 13 0 14 18 12 9 0 1 4 16 10 0 6 11 7 
3 4 0 16 13 11 18 12 19 0 2 10 15 8 6 1 0 9 0 14 
12 0 20 15 19 17 8 0 4 0 16 9 2 10 0 13 3 1 7 5 
0 3 17 10 0 2 18 12 14 6 0 0 20 4 0 13 15 19 9 0 
4 13 8 10 17 1 0 16 0 7 5 0 3 18 2 0 9 12 20 6 
20 1 0 3 12 0 11 2 19 18 0 6 0 0 0 5 13 8 14 17 
4 11 15 18 16 8 19 3 12 9 14 0 0 7 13 1 20 0 17 10 
18 19 7 16 9 10 14 2 1 5 6 15 3 0 0 0 0 17 20 11 
11 16 1 0 2 12 9 0 0 14 6 4 17 20 5 8 18 19 0 7 
16 11 0 0 6 4 1 12 14 17 0 7 0 5 20 13 9 3 8 10 
16 0 13 10 0 0 4 2 0 9 3 20 18 19 7 15 12 0 8 1 
10 0 14 0 17 13 0 16 3 12 19 15 9 20 7 6 2 5 18 1 
18 16 10 1 11 9 14 0 4 13 7 20 12 3 2 6 5 8 15 0 
