13 12 17 18 4 10 14 2 8 1 21 20 0 15 19 11 9 3 0 6 5 
19 7 16 10 2 1 0 14 21 0 9 17 20 11 18 4 15 13 3 5 0 
18 12 5 17 0 11 0 14 19 2 15 16 1 4 7 3 20 6 21 9 13 
16 14 8 2 20 0 0 9 6 0 15 21 3 5 17 19 18 4 0 1 11 
21 18 0 13 7 1 3 17 19 14 0 2 12 0 10 20 15 8 11 9 5 
0 7 21 6 19 1 0 5 16 0 4 9 10 15 0 11 20 17 2 12 18 
13 1 0 0 8 0 16 19 5 2 0 9 4 12 3 17 6 21 7 18 10 
6 19 18 3 9 0 20 17 12 15 13 4 0 1 14 21 0 11 10 2 8 
7 12 20 11 0 10 4 0 8 3 17 0 2 15 13 19 18 0 0 9 14 
7 0 0 0 16 8 0 15 20 4 6 17 18 3 5 14 2 10 0 11 19 
19 8 0 11 18 10 2 0 1 15 12 13 0 6 9 21 20 3 16 0 0 
12 4 21 14 0 0 15 17 0 5 1 20 3 9 16 11 18 2 6 0 0 
5 0 7 18 12 11 8 21 1 16 2 15 0 17 0 3 10 6 4 19 20 
8 7 0 2 13 21 6 11 12 17 20 14 0 4 18 3 16 5 9 19 10 
16 17 0 0 7 0 8 20 1 12 18 21 6 11 14 19 3 5 4 10 9 
6 0 16 15 8 18 2 10 5 12 0 7 9 0 20 4 1 13 3 14 19 
2 6 11 0 18 14 8 9 5 4 12 10 17 19 0 0 0 3 15 0 7 
0 4 9 12 7 18 19 1 15 3 14 11 0 13 0 0 5 17 8 21 6 
0 6 2 0 11 18 3 20 0 9 19 0 16 4 17 15 8 5 12 7 13 
11 0 18 2 0 21 0 17 12 14 3 8 5 13 19 9 10 7 20 0 15 
