7 15 0 0 10 0 22 4 16 9 0 21 0 0 12 0 13 1 20 14 5 0 
18 7 12 6 19 8 20 14 10 17 13 22 0 16 0 9 2 15 1 11 5 21 
16 9 21 12 17 20 4 3 7 0 15 13 1 2 10 5 18 0 0 8 19 11 
0 0 0 7 1 3 5 17 6 0 21 22 10 15 16 20 12 0 11 9 18 0 
12 21 22 20 0 7 0 0 3 14 13 19 4 9 16 6 0 2 0 18 10 1 
6 9 13 19 16 10 20 1 8 15 22 11 14 4 17 21 7 2 12 0 0 0 
22 21 13 10 18 3 12 2 5 0 17 19 0 6 14 0 4 7 15 16 0 0 
16 10 14 0 12 9 6 15 8 21 5 3 20 18 19 0 13 22 11 4 7 0 
19 22 17 6 21 10 13 12 20 2 5 9 15 8 3 7 11 1 4 18 14 0 
16 10 0 18 20 13 15 12 0 17 19 21 5 1 8 4 3 2 6 7 0 14 
6 22 5 13 17 2 9 18 15 11 8 7 0 20 3 21 19 0 0 10 0 14 
0 0 6 16 18 5 13 9 10 15 2 0 4 3 14 21 20 19 11 7 1 12 
18 5 1 0 0 12 14 17 4 15 22 11 0 0 20 0 21 2 0 7 16 9 
9 0 5 1 10 20 15 6 19 13 17 8 0 7 0 4 12 3 2 0 22 18 
10 0 20 5 22 21 2 14 18 16 0 11 9 4 3 15 6 19 8 0 13 1 
12 0 0 16 8 2 15 10 18 21 19 7 4 9 11 20 14 1 3 5 6 13 
17 0 4 18 8 16 22 0 7 3 5 1 2 9 6 0 21 15 20 0 13 12 
11 0 0 1 19 18 10 20 12 3 21 5 4 2 16 14 0 0 7 17 0 6 
16 18 0 22 0 8 0 21 4 19 15 17 14 5 12 7 1 10 3 11 20 2 
0 7 19 2 18 11 22 4 5 3 20 14 0 15 6 17 10 0 13 16 8 9 
