0 18 15 23 13 0 20 7 4 11 3 9 22 5 0 12 0 21 14 16 6 10 1 
16 0 6 0 0 0 10 12 11 23 14 22 4 3 20 0 7 0 8 13 19 15 9 
22 18 7 5 11 12 21 9 23 0 13 1 15 0 0 10 2 19 4 3 0 20 14 
11 9 16 0 0 20 18 7 22 0 4 14 10 0 23 17 6 21 8 5 3 0 13 
21 0 23 18 13 0 17 14 2 12 3 19 22 16 5 0 10 8 1 11 0 7 4 
21 1 23 19 12 0 22 9 0 3 0 11 4 10 0 5 0 0 18 15 17 14 6 
10 0 23 3 15 5 0 0 16 0 20 21 4 13 22 2 0 11 9 7 1 0 6 
18 19 1 3 2 7 21 0 14 11 0 17 8 0 6 10 22 12 20 16 13 15 4 
16 13 4 5 0 1 14 6 3 12 19 11 10 9 0 0 7 0 17 18 0 2 21 
21 0 23 14 22 11 5 9 17 7 2 4 6 18 19 15 1 8 0 16 20 3 12 
7 0 0 20 23 1 14 16 19 18 12 0 10 8 22 3 6 5 17 9 4 21 2 
3 16 10 12 0 0 21 6 20 7 0 22 17 1 4 9 5 14 13 23 19 11 0 
0 12 19 11 0 1 5 4 8 15 7 0 22 20 21 9 13 0 6 10 18 23 14 
4 10 0 0 20 0 12 3 11 14 0 0 0 9 2 17 21 22 8 1 18 6 16 
12 3 15 7 0 22 0 0 13 6 5 8 2 20 23 14 16 21 1 4 19 0 10 
6 4 7 20 0 3 14 22 23 0 5 21 1 10 0 0 11 0 0 17 8 0 12 
5 14 2 8 23 13 10 22 11 16 20 18 21 17 9 1 4 0 15 7 0 19 6 
5 6 10 8 3 23 13 22 14 17 0 1 16 15 20 0 11 4 7 0 19 0 18 
0 5 23 18 21 0 12 22 1 14 0 0 11 0 16 17 10 3 15 2 6 0 7 
0 12 21 20 16 3 13 17 0 0 2 18 22 9 11 10 23 1 15 0 4 6 0 
