14 6 8 15 0 12 20 2 0 4 7 21 9 10 23 13 22 5 1 19 24 18 16 11 
15 16 0 13 12 20 0 6 14 18 9 24 0 0 5 21 0 0 2 1 23 0 11 7 
3 9 23 0 13 5 22 16 6 18 4 8 0 12 14 10 24 2 15 21 0 20 11 7 
14 0 2 24 4 1 0 18 11 16 0 9 0 10 12 13 3 22 21 8 17 15 0 6 
5 0 19 15 4 14 22 0 10 8 2 18 24 0 16 0 0 11 23 6 3 9 12 0 
0 10 23 13 19 0 21 1 12 0 9 20 16 24 17 8 14 6 11 3 4 7 18 22 
20 1 23 0 15 11 5 14 24 12 0 17 21 13 18 7 0 0 22 10 19 2 4 6 
6 18 0 12 0 19 0 0 2 5 1 24 20 13 9 3 22 17 0 4 0 21 11 16 
2 18 15 3 12 0 0 1 11 14 5 16 4 17 0 10 7 13 9 22 24 0 20 19 
0 8 6 24 14 9 0 16 17 1 22 23 5 7 11 20 13 3 12 15 18 10 21 19 
21 23 19 9 7 22 10 6 1 18 2 0 12 13 0 17 15 14 11 3 5 20 0 16 
2 20 0 22 4 23 12 21 8 17 14 0 0 19 5 0 11 3 16 6 15 7 10 9 
4 20 0 11 3 23 0 0 13 15 12 24 16 6 18 0 21 19 0 17 10 2 7 22 
12 16 0 1 24 18 21 13 11 0 3 6 9 19 14 0 4 8 22 17 20 10 5 0 
7 15 0 6 13 10 17 24 8 11 20 22 21 0 16 19 9 23 3 12 14 18 2 5 
9 16 13 21 23 11 22 2 0 18 14 17 8 4 5 20 7 3 0 0 10 24 19 0 
0 8 21 2 0 13 0 12 1 15 23 10 3 16 20 11 5 0 6 24 4 9 7 0 
13 11 15 7 0 19 23 0 8 22 1 18 5 9 0 17 2 6 0 24 3 4 12 21 
21 17 0 23 0 24 18 5 22 12 10 4 9 0 2 19 0 14 20 8 13 7 15 16 
4 16 21 13 0 14 9 0 22 12 23 20 7 24 8 0 10 2 18 15 11 5 0 0 
