2 0 18 22 23 9 16 0 0 12 3 4 21 25 11 10 6 7 0 17 24 19 15 0 13 
7 22 11 17 0 18 15 19 13 0 5 0 3 9 23 1 25 2 12 8 6 14 4 0 24 
18 16 2 19 15 22 0 1 14 9 0 7 4 21 24 23 13 5 20 6 0 0 17 3 10 
0 20 25 2 13 18 10 5 21 3 22 16 6 1 14 11 23 15 7 0 17 9 19 4 24 
0 20 7 6 0 17 0 1 24 19 9 25 0 21 10 11 12 15 13 8 0 23 14 2 3 
19 11 1 17 22 25 2 7 4 0 20 3 15 21 5 8 12 23 0 9 6 10 16 0 24 
23 0 24 9 20 22 18 6 16 5 14 8 0 19 2 21 15 10 13 25 1 0 17 12 11 
11 17 0 16 7 4 25 0 12 19 14 18 6 9 1 3 0 0 15 0 10 0 24 21 22 
11 23 17 5 15 7 14 12 13 0 10 24 0 4 0 21 16 9 0 1 0 18 0 6 8 
16 10 0 1 0 13 19 21 2 15 22 23 8 12 5 0 14 24 9 17 7 3 25 6 0 
9 13 22 14 1 25 11 5 16 4 2 20 0 15 8 0 23 0 0 19 24 18 12 10 7 
0 7 0 5 12 0 8 4 3 0 6 14 19 23 25 0 22 0 10 2 11 0 18 0 1 
16 0 14 24 2 22 0 13 23 15 1 18 9 19 7 17 25 11 12 10 4 20 6 8 0 
21 9 2 18 24 0 15 5 6 0 25 13 1 17 10 11 19 8 3 0 0 14 22 0 20 
5 16 19 0 21 4 24 7 11 9 0 0 10 18 20 0 8 23 22 17 0 12 1 3 13 
7 0 2 23 19 3 6 13 24 5 15 4 12 21 0 10 14 17 0 18 16 0 25 1 11 
17 11 5 8 13 15 18 1 20 0 14 0 2 24 0 3 12 0 23 0 0 16 21 10 22 
0 4 9 5 12 10 0 25 1 3 20 11 23 0 24 7 6 22 13 0 0 17 14 21 15 
9 0 5 20 4 2 15 14 13 0 12 7 22 0 25 17 3 19 0 21 1 23 0 6 8 
4 0 25 0 7 2 10 23 12 11 13 21 0 16 20 1 22 6 0 17 8 19 0 14 24 
