0 11 15 13 23 8 21 7 6 25 26 14 17 2 0 10 1 19 16 3 24 12 9 20 0 4 
4 10 16 0 2 7 0 18 23 15 3 1 0 5 0 21 13 0 0 22 20 26 19 9 24 17 
18 20 8 13 22 3 0 0 1 17 0 14 15 21 7 26 12 6 0 24 5 25 11 4 16 2 
11 12 17 18 0 25 2 1 23 13 6 26 7 8 3 10 19 21 5 4 0 24 22 15 20 9 
2 23 7 15 0 5 0 12 17 20 0 3 10 26 21 13 6 4 14 18 25 8 22 11 9 24 
18 17 14 25 0 15 23 20 0 9 26 19 2 10 8 12 21 11 4 5 0 16 13 3 6 0 
24 9 2 8 0 5 3 17 21 1 12 13 18 22 16 23 6 0 11 10 25 26 4 14 0 19 
23 25 2 0 18 9 12 7 15 26 17 22 11 4 16 21 1 3 13 0 0 19 0 10 0 8 
2 0 17 24 6 7 26 19 11 25 15 5 8 16 0 0 21 22 9 10 4 14 13 23 0 1 
7 26 23 18 3 17 13 12 0 2 15 0 21 6 0 10 19 24 0 22 4 16 20 14 0 9 
21 1 22 26 0 25 16 6 13 17 5 11 20 0 12 8 2 19 0 18 7 23 0 14 3 24 
8 0 1 15 22 0 0 26 0 12 2 5 24 9 6 4 10 11 23 7 16 0 0 17 13 18 
14 6 1 23 3 22 11 25 19 7 17 10 0 16 0 15 24 0 0 0 0 26 18 20 13 4 
16 5 1 23 0 9 17 22 0 20 19 2 0 21 3 25 10 4 8 11 0 18 13 14 26 0 
0 1 25 19 6 18 17 14 0 23 0 16 26 21 11 9 5 2 10 15 22 24 7 13 0 12 
22 19 24 6 16 1 5 26 23 8 7 18 0 2 12 14 21 13 25 3 20 9 0 10 17 0 
17 24 21 0 7 23 11 0 0 6 15 5 19 18 26 13 20 4 10 12 25 1 8 14 0 0 
4 10 25 14 20 0 9 1 19 0 0 17 0 23 3 22 6 7 16 18 26 15 0 21 12 2 
0 8 20 9 0 18 0 10 13 23 2 1 11 16 26 0 6 7 14 0 0 4 17 22 15 24 
0 26 0 12 25 0 22 18 0 0 9 20 19 16 8 5 21 4 23 0 6 17 10 14 2 13 
