13 3 27 23 6 9 0 21 0 16 5 4 19 17 2 1 26 11 25 18 24 15 14 20 12 22 7 
21 0 14 3 18 10 26 20 17 8 25 27 0 6 9 13 11 22 24 2 7 1 15 5 0 23 19 
14 5 0 24 9 17 0 10 25 16 26 0 0 12 21 4 27 23 3 15 8 19 22 18 7 2 13 
2 16 6 3 22 0 18 13 0 4 12 7 27 8 9 17 20 5 0 10 24 15 19 14 23 0 11 
11 3 0 25 23 18 12 7 0 9 0 14 6 0 24 27 10 20 1 0 2 15 13 5 16 19 8 
7 6 5 24 9 12 0 16 11 20 27 10 14 17 0 1 19 13 2 3 22 25 4 8 23 0 26 
19 0 0 0 0 11 0 2 13 3 21 16 5 15 0 9 6 20 4 10 25 1 17 18 26 24 14 
0 0 27 0 16 0 8 3 0 0 6 19 24 15 13 9 11 5 26 7 20 18 0 12 1 2 10 
15 10 22 0 14 11 12 19 1 0 0 25 21 9 23 2 16 7 3 0 6 0 13 5 8 17 18 
7 1 0 12 25 0 3 26 15 17 21 10 0 22 19 24 0 0 8 14 5 13 20 2 0 16 0 
24 0 8 13 0 16 27 4 18 9 20 0 5 1 3 12 23 17 11 15 26 21 7 25 0 19 0 
5 0 10 24 2 12 11 15 20 17 3 18 16 1 0 19 6 21 27 8 4 23 13 26 9 0 7 
19 8 25 16 3 10 0 27 7 20 5 13 21 12 0 6 0 26 2 14 18 0 0 0 15 9 22 
20 6 25 10 24 26 4 5 19 14 13 7 21 22 23 1 18 0 12 0 9 15 0 27 16 0 11 
24 6 12 27 0 21 0 26 14 16 17 2 0 15 0 25 13 23 5 3 19 9 7 11 4 10 20 
0 0 11 17 26 25 14 21 10 7 0 16 12 23 5 15 13 4 8 24 3 0 19 18 9 6 22 
8 27 6 17 0 22 15 0 3 2 1 0 0 23 12 7 14 5 18 4 0 20 0 26 19 0 21 
8 20 23 15 26 2 10 13 5 3 1 4 0 16 11 0 9 12 17 25 0 24 18 0 27 6 22 
15 14 0 0 16 24 19 23 25 17 4 11 8 0 27 18 26 21 0 10 2 7 3 5 12 1 13 
5 4 10 11 26 14 2 12 0 0 8 6 16 15 0 24 0 22 9 0 7 3 13 1 27 18 19 
