23 14 19 0 6 0 24 27 22 26 10 9 21 3 4 1 20 12 28 8 0 5 11 0 16 17 7 13 
6 5 1 12 7 26 10 0 2 22 18 0 17 11 0 27 28 16 14 9 8 23 24 3 0 13 21 4 
10 28 13 18 7 15 0 22 17 21 9 0 26 11 24 20 0 16 27 0 19 0 12 23 1 0 3 5 
20 26 15 5 0 27 25 18 0 24 8 11 4 21 0 0 6 14 23 16 1 0 10 2 19 9 0 13 
0 6 15 8 19 12 0 2 3 1 9 25 20 0 13 4 24 10 28 5 0 11 18 27 0 0 0 21 
12 26 19 0 7 27 15 13 25 0 0 9 21 24 3 18 16 23 4 17 11 5 14 10 8 20 28 22 
23 14 0 0 26 0 18 13 7 8 25 10 15 16 3 0 22 27 24 0 5 6 2 21 9 4 1 11 
8 12 23 3 21 0 0 7 27 19 9 18 0 10 2 28 22 0 11 17 25 15 16 20 26 14 0 5 
0 14 13 0 7 1 0 9 23 5 4 6 22 17 24 26 18 21 3 27 20 15 19 28 11 10 16 12 
2 10 0 1 27 24 26 17 11 13 19 22 16 5 4 21 25 14 20 3 0 0 8 28 15 12 0 23 
0 7 24 19 20 10 1 5 0 4 18 13 11 17 21 26 2 27 0 16 6 0 0 9 0 15 23 14 
24 0 0 1 23 27 0 21 7 17 12 0 26 10 13 0 8 5 14 16 25 9 2 22 0 11 0 4 
9 0 0 20 0 0 8 28 11 22 5 0 17 12 3 26 2 10 0 27 25 21 15 16 19 7 1 4 
2 12 7 16 26 20 5 17 19 15 28 24 8 0 9 25 14 4 0 18 22 13 1 0 23 6 0 10 
17 20 0 10 14 19 23 15 21 24 0 26 2 12 3 28 0 7 27 0 16 18 13 25 9 0 8 5 
27 8 1 10 15 11 18 23 0 13 2 22 12 0 4 28 16 21 0 14 0 24 5 17 6 25 20 9 
26 0 19 6 13 27 1 10 28 0 7 11 3 23 0 17 0 9 15 5 0 4 24 21 14 20 18 25 
5 15 18 22 17 9 11 26 3 16 12 2 0 23 8 24 4 13 6 14 27 10 19 28 7 20 25 21 
12 1 0 11 14 19 8 23 0 16 9 27 15 4 5 24 18 28 26 6 0 17 20 21 0 13 25 2 
5 1 25 21 4 16 0 18 6 24 14 23 0 20 22 27 9 2 11 17 13 26 7 12 0 19 3 15 
