15 16 18 1 24 21 17 9 0 12 3 7 5 22 0 19 20 28 8 25 27 2 26 4 0 10 23 29 6 
9 24 21 0 6 2 5 20 17 0 0 16 23 25 12 1 28 22 8 7 15 13 27 29 10 19 26 4 11 
20 0 2 0 26 19 11 17 21 4 5 22 8 15 0 12 28 10 29 9 13 18 14 25 23 0 1 7 3 
0 18 27 6 29 13 0 15 7 21 0 1 9 24 22 28 19 23 2 5 0 14 4 26 0 10 8 3 17 
0 12 24 26 25 18 3 10 16 1 29 21 14 27 6 2 4 9 15 5 22 11 0 23 0 20 19 7 17 
0 24 0 0 22 14 21 5 29 18 12 2 10 8 0 11 23 6 27 16 20 17 0 26 4 3 13 1 7 
12 20 14 22 6 11 5 0 0 13 17 19 0 16 0 27 23 2 18 7 15 25 0 3 8 29 10 21 28 
22 15 16 11 1 24 19 13 27 18 7 23 0 28 0 8 6 0 9 4 10 25 3 5 26 12 17 21 2 
16 22 13 7 18 1 15 0 28 5 19 2 0 20 9 11 0 0 29 0 14 26 17 0 3 23 21 0 10 
13 0 0 11 0 2 12 6 22 7 9 26 15 17 25 28 24 5 4 1 19 10 29 23 3 8 18 27 16 
6 13 14 7 21 20 3 5 4 11 19 2 26 22 29 25 18 16 0 27 17 15 0 9 1 23 24 8 12 
22 1 13 24 0 14 0 0 0 25 29 5 4 28 2 0 8 0 0 10 12 0 7 6 23 21 26 0 16 
10 17 20 7 19 24 29 15 0 14 3 9 8 11 16 2 25 4 6 13 27 12 18 21 28 0 1 0 0 
0 7 23 22 4 18 26 10 0 25 6 3 8 13 27 21 12 28 16 14 2 9 1 15 5 17 29 19 20 
6 7 9 8 0 16 13 11 0 28 1 0 18 15 0 29 0 19 20 0 0 3 27 14 0 2 0 12 24 
4 12 20 27 1 2 0 3 0 11 28 10 9 13 0 0 19 6 14 18 16 24 25 7 0 5 15 26 8 
19 24 0 14 20 0 5 16 25 22 0 15 8 7 26 23 4 0 2 28 0 13 18 6 11 29 17 3 21 
24 20 6 19 4 10 5 2 23 16 21 18 0 8 11 29 3 0 28 25 14 26 0 27 22 13 12 17 9 
14 0 8 6 3 0 0 23 20 9 0 26 18 5 1 10 22 19 2 27 12 21 28 15 7 13 24 29 4 
23 0 9 18 27 26 25 6 1 0 15 2 17 0 13 22 19 10 7 14 0 21 0 12 0 20 11 3 5 
