28 11 29 1 25 0 16 0 19 0 20 13 17 0 12 3 6 5 27 7 24 15 26 0 30 22 21 10 4 0 
2 15 28 10 23 14 27 5 24 3 7 8 26 1 4 17 30 21 20 0 13 0 19 18 12 25 16 0 6 22 
7 0 2 8 3 0 24 28 0 25 29 27 26 13 19 15 18 4 5 10 9 21 1 17 30 23 22 11 12 16 
0 17 12 5 8 10 20 2 0 16 0 29 0 0 28 11 1 3 23 15 25 24 9 14 19 30 4 21 27 18 
4 5 24 16 7 19 25 22 12 20 18 26 28 2 29 8 6 21 27 14 3 10 9 1 0 17 30 15 11 0 
12 18 0 27 11 13 26 3 15 29 7 0 0 24 25 10 0 16 17 23 0 0 4 21 0 6 14 30 28 0 
17 21 13 2 0 19 10 23 12 29 16 7 8 0 25 15 11 1 24 18 6 5 28 0 0 14 22 27 0 4 
19 0 25 18 0 21 0 10 29 27 8 17 0 9 23 28 14 20 3 5 30 6 7 15 0 13 12 24 22 26 
5 22 12 20 27 29 24 13 28 1 30 14 0 8 0 19 26 16 3 23 0 21 2 15 18 10 6 4 9 7 
2 26 11 0 9 19 25 15 6 0 18 0 1 16 29 3 24 0 23 8 4 30 28 27 22 17 10 14 7 13 
0 9 1 28 7 11 0 29 27 0 24 0 0 5 10 2 30 6 17 21 15 16 0 4 8 3 13 14 26 0 
0 9 5 29 24 0 15 20 12 6 23 16 14 22 28 26 19 13 0 7 3 27 1 0 11 17 21 4 2 0 
28 11 30 25 27 7 0 3 23 19 15 21 10 29 16 24 20 13 6 4 0 14 2 0 0 18 0 5 9 12 
0 12 0 8 0 10 21 28 0 24 3 4 20 22 25 23 0 19 11 17 18 7 1 29 13 16 15 5 2 27 
28 26 0 5 14 30 27 23 13 29 12 4 0 9 17 7 0 25 0 21 8 24 0 18 11 15 0 22 19 2 
9 14 18 0 30 7 4 0 28 29 27 3 19 17 6 12 10 20 8 1 5 21 0 2 22 0 24 23 16 13 
25 0 0 0 22 3 13 1 17 29 27 7 21 19 18 23 24 16 0 6 0 0 20 28 10 12 26 15 4 0 
30 12 26 19 0 25 0 11 0 5 6 17 27 18 0 22 8 13 14 15 4 3 29 9 24 20 2 16 10 0 
0 16 2 3 14 26 25 20 13 30 12 6 0 8 0 23 9 7 24 22 0 19 10 1 28 17 4 27 15 29 
30 6 14 22 3 0 4 24 8 12 15 5 0 28 10 13 19 27 0 26 29 1 7 21 11 18 23 20 16 2 
