17 10 0 0 23 3 0 14 27 4 15 22 0 26 9 7 13 19 5 25 16 1 0 11 18 29 31 0 21 20 28 
19 25 2 15 22 28 3 4 11 1 14 20 0 8 30 18 0 0 16 13 27 17 12 10 31 29 6 26 24 23 0 
9 18 10 21 30 2 12 31 29 24 27 15 0 16 28 19 11 17 5 0 0 13 0 0 26 1 0 6 8 20 3 
27 0 0 16 0 0 0 14 0 28 19 13 6 1 21 17 15 7 22 12 30 23 0 20 9 8 31 24 26 5 0 
19 31 26 29 0 16 3 0 18 21 8 6 10 4 30 23 20 14 2 1 7 12 24 15 27 9 11 5 25 0 28 
16 21 28 13 2 12 24 15 23 14 30 1 27 31 18 17 8 0 0 29 4 26 22 19 0 20 11 6 7 9 0 
4 23 13 15 16 24 1 28 25 21 5 0 7 20 0 18 0 0 0 19 17 2 27 12 31 0 0 26 30 11 29 
24 17 0 15 27 13 6 14 29 26 28 10 3 21 16 30 23 1 2 5 18 0 22 0 0 19 7 31 4 20 9 
0 0 26 2 30 17 3 0 22 5 0 29 10 28 12 27 7 21 8 18 6 20 1 23 0 11 0 0 24 0 19 
24 31 12 0 6 27 10 16 7 22 29 5 30 13 26 28 21 17 18 25 15 23 4 2 19 14 1 11 0 0 20 
30 8 0 18 0 25 31 23 16 0 17 21 14 22 12 4 5 20 3 24 0 0 19 10 7 27 11 26 0 28 15 
12 0 27 3 21 26 0 30 20 15 14 16 11 10 25 0 22 4 6 23 24 9 0 0 17 29 5 19 31 1 18 
30 16 31 15 22 13 26 4 14 21 17 6 0 12 0 28 10 0 24 2 18 23 3 5 29 8 20 7 9 27 25 
0 16 20 29 26 2 10 31 11 1 23 5 0 30 21 4 0 3 22 8 25 28 17 7 0 24 6 9 0 27 19 
0 30 21 28 3 8 14 23 15 11 27 5 0 16 17 22 2 19 29 9 13 0 10 12 0 1 20 18 25 4 0 
0 4 0 25 27 15 5 0 28 11 17 26 18 1 10 19 0 2 0 22 14 21 6 3 9 8 20 31 30 12 23 
27 3 7 24 21 13 25 15 29 12 18 1 20 0 5 0 9 0 16 22 26 30 28 8 14 31 19 0 0 10 23 
18 21 0 31 0 3 11 9 27 2 10 0 0 0 8 0 1 0 16 26 14 13 4 20 28 29 5 12 30 25 17 
5 6 14 28 31 21 0 0 8 4 27 11 0 1 22 23 26 12 10 18 0 13 15 7 19 25 0 24 2 20 30 
2 10 28 25 23 0 31 12 0 9 26 11 0 4 27 1 14 7 16 29 24 15 3 20 21 5 19 30 18 6 0 
