26 14 17 19 11 22 23 0 0 28 10 7 0 24 9 15 30 4 31 5 12 1 13 0 27 0 18 21 25 0 8 0 
9 26 19 27 30 2 12 28 0 11 18 14 1 25 0 15 23 21 4 16 7 10 13 3 0 31 20 5 22 17 32 0 
0 0 20 5 15 23 0 16 13 18 26 14 0 21 27 29 12 6 0 9 31 7 3 11 17 30 2 0 22 19 4 8 
24 23 27 28 12 0 26 30 2 20 32 10 18 0 13 11 22 8 0 25 7 0 0 17 19 6 31 15 9 14 1 3 
27 28 0 10 20 24 17 11 31 2 0 4 16 25 0 14 12 22 32 19 15 6 7 29 30 9 8 5 23 3 21 26 
0 11 18 26 8 32 13 20 4 0 12 30 9 5 28 24 0 2 6 22 15 10 27 31 0 0 21 3 17 29 7 16 
29 19 14 0 25 21 0 1 0 28 6 2 20 31 30 10 5 0 3 4 0 12 13 16 26 7 32 0 23 18 27 17 
8 6 7 0 0 26 4 25 17 13 24 3 0 2 32 12 31 23 11 19 16 9 27 10 0 15 22 21 30 18 20 0 
0 7 18 0 11 27 1 23 0 22 10 4 17 2 3 8 0 16 31 32 24 26 29 25 20 15 28 14 9 0 12 5 
20 10 0 7 16 29 12 27 2 5 4 0 24 15 0 31 18 25 3 28 22 6 30 11 13 32 19 23 9 0 8 1 
24 31 0 0 2 30 20 26 4 3 5 21 29 32 28 8 0 11 9 18 22 10 17 23 16 6 19 27 7 12 1 0 
13 16 0 19 14 4 12 27 7 9 25 26 18 6 3 31 21 20 0 11 29 15 17 22 5 8 0 1 32 0 23 30 
18 24 4 13 6 0 19 27 32 8 0 25 12 22 29 0 26 30 31 2 23 10 11 14 16 0 0 5 3 28 9 20 
8 10 9 23 3 11 12 0 0 20 4 16 29 22 19 0 7 2 0 6 13 18 28 30 24 27 15 26 17 32 5 1 
26 25 9 8 19 7 2 28 13 0 3 20 10 11 6 5 1 4 0 0 14 23 21 31 0 32 16 17 22 29 0 24 
20 6 19 18 9 10 23 22 27 17 1 4 14 16 7 21 29 26 12 2 25 32 0 30 15 5 28 13 0 0 11 24 
0 5 4 17 0 8 29 14 24 0 20 21 28 13 0 19 27 23 9 15 16 2 26 25 0 3 11 1 10 22 7 18 
0 25 0 8 2 31 27 5 0 14 29 16 24 28 0 11 32 20 18 3 30 9 13 17 6 19 0 0 22 7 15 4 
18 12 8 20 25 14 16 4 26 21 24 31 28 3 17 22 7 29 23 13 19 32 0 0 15 27 5 30 2 9 11 10 
22 0 25 10 6 24 13 30 11 29 31 19 16 28 8 20 5 26 23 1 17 0 18 3 7 4 14 32 27 2 12 0 
