0 26 10 7 19 0 33 25 28 22 32 4 24 6 23 18 1 0 20 11 14 29 5 15 0 12 0 0 30 2 16 9 31 
21 11 30 16 22 17 4 28 0 15 0 24 31 6 13 18 9 32 10 33 8 2 20 5 0 12 0 14 0 23 1 27 29 
28 18 15 19 33 27 10 17 7 16 2 29 21 13 0 30 9 6 22 12 4 23 31 0 20 24 14 5 3 1 25 26 32 
27 0 20 12 0 0 0 18 26 0 28 7 0 8 2 23 21 0 17 14 10 3 31 1 5 33 4 6 13 9 19 24 11 
17 0 0 30 0 0 10 4 1 16 12 25 23 3 26 2 32 13 9 21 6 7 22 29 14 33 31 5 19 15 0 28 11 
10 18 17 8 29 0 6 21 7 9 31 30 0 2 26 32 14 0 0 0 27 1 33 12 15 0 5 24 13 20 4 3 16 
21 18 16 11 3 5 14 29 6 7 0 33 1 23 0 13 20 0 0 0 0 0 30 15 22 32 19 2 9 26 28 4 31 
5 0 18 0 31 13 30 29 1 22 7 16 9 6 4 20 32 8 25 23 27 21 28 14 2 17 11 10 15 0 0 24 19 
2 14 1 0 12 3 28 18 26 23 29 30 11 0 7 4 13 22 9 0 25 20 5 6 33 21 32 10 16 24 17 19 15 
0 15 0 22 27 8 26 32 12 2 13 33 3 6 18 1 29 19 14 10 16 7 24 25 28 21 4 0 30 9 23 11 20 
11 27 28 12 21 4 18 10 1 16 3 15 19 13 32 29 6 9 7 25 8 31 5 33 23 0 22 26 0 17 20 14 30 
30 6 25 20 0 31 23 22 0 7 32 15 26 28 18 14 10 16 1 9 4 0 13 33 29 5 12 0 0 17 3 21 27 
0 33 12 11 22 32 28 26 20 0 14 23 19 17 0 8 30 5 9 1 10 3 27 0 4 29 21 16 6 2 0 13 24 
12 19 1 11 7 10 8 16 31 0 0 33 18 29 3 22 9 32 24 0 5 4 2 0 20 21 15 6 27 23 0 0 0 
13 0 12 30 0 16 18 6 29 25 31 24 23 0 0 17 14 1 4 32 20 15 0 8 27 28 33 2 21 10 0 7 11 
27 9 32 23 17 0 16 26 18 12 5 14 25 0 19 15 20 8 24 6 4 31 22 10 2 1 7 29 33 11 0 13 30 
29 18 26 21 3 0 15 2 7 1 9 31 5 16 33 22 24 17 25 12 27 4 28 13 23 10 30 0 14 11 8 20 0 
6 0 4 12 23 18 30 13 21 11 0 28 24 3 26 15 7 16 33 14 2 17 0 10 22 20 5 9 27 32 8 19 1 
24 17 30 19 4 33 11 25 7 8 27 3 16 0 0 2 28 22 31 5 20 12 0 14 32 21 1 10 18 26 23 0 15 
0 16 5 33 9 21 17 10 0 2 30 29 7 27 3 15 11 24 4 32 28 23 8 1 22 12 26 13 20 14 18 31 25 
