6 25 0 3 20 11 19 5 12 23 0 2 7 15 0 22 27 24 21 17 0 34 32 13 16 18 0 26 14 33 1 29 4 31 
22 17 0 11 6 34 28 0 33 13 9 27 0 16 8 32 20 19 5 18 0 7 0 23 0 15 2 26 4 14 10 29 25 0 
31 24 17 11 13 28 30 7 26 33 0 2 14 10 12 1 20 9 15 21 27 29 0 0 0 3 34 16 6 32 25 19 4 8 
2 0 18 22 9 30 5 12 24 0 15 29 0 34 8 4 28 17 0 10 3 20 7 14 31 23 6 25 13 32 19 11 21 1 
0 22 0 34 21 11 23 16 0 9 5 29 0 4 12 31 33 3 14 27 32 6 17 19 30 7 25 15 0 13 2 26 18 1 
14 3 7 8 0 5 25 26 22 19 33 0 15 6 21 1 34 20 9 10 27 0 18 28 17 24 12 11 16 0 13 2 31 23 
0 12 28 15 27 24 8 30 0 7 0 31 4 18 21 13 0 20 0 34 32 14 1 17 23 33 10 2 19 22 6 3 11 29 
34 23 31 29 1 0 20 11 3 12 4 24 30 6 0 5 21 9 33 32 25 15 10 0 7 28 16 17 22 2 26 19 0 14 
21 13 24 10 0 30 16 18 28 2 12 29 11 0 31 14 20 23 27 15 7 9 6 17 5 0 34 33 0 3 22 8 4 32 
5 22 9 27 0 2 21 24 7 33 28 26 34 6 8 15 0 32 13 4 23 12 31 18 19 30 29 0 17 20 16 25 0 14 
2 3 30 26 0 12 29 5 18 16 14 21 6 0 34 17 9 0 13 28 15 11 25 23 0 0 20 0 4 7 8 19 32 1 
26 3 0 23 20 15 30 25 14 27 33 0 17 32 34 19 18 11 21 31 29 10 28 1 4 6 5 2 22 12 7 0 0 9 
0 10 32 16 0 14 1 20 11 31 26 7 18 15 29 27 23 28 24 2 5 30 3 17 21 0 0 6 4 34 0 33 13 8 
6 1 0 0 9 17 31 30 0 23 27 0 5 4 0 12 26 8 33 10 0 29 11 14 22 0 18 25 24 32 16 19 3 20 
28 30 0 0 15 12 18 9 34 17 16 4 25 11 31 1 32 29 13 14 0 21 6 10 27 23 3 33 22 19 0 5 0 24 
0 28 7 30 4 31 0 20 15 0 3 23 25 19 2 5 29 27 8 32 1 9 0 17 26 14 0 18 0 22 0 21 16 24 
18 26 5 28 30 34 20 0 24 15 0 22 2 11 3 1 25 4 14 27 9 10 31 32 8 0 0 21 0 29 13 19 0 23 
8 15 30 33 0 18 0 25 6 27 13 19 0 17 9 24 26 31 14 11 16 34 0 4 3 23 7 10 2 0 20 29 5 32 
16 21 32 1 4 18 3 12 7 31 29 10 28 25 6 20 27 0 0 30 33 13 14 17 0 34 9 26 2 11 23 15 22 19 
28 9 0 3 0 7 18 2 20 30 14 16 15 17 24 23 34 27 0 4 6 1 21 26 8 29 31 5 32 0 10 0 22 13 
