30 7 33 35 4 20 3 27 10 28 12 18 0 11 14 26 24 17 34 16 6 23 0 5 32 19 29 8 2 0 1 0 21 13 9 
11 8 13 35 0 3 16 0 0 19 18 14 0 31 26 25 5 10 23 27 29 0 0 32 24 4 15 34 20 6 9 1 21 7 28 
5 0 14 2 7 11 8 28 33 13 29 0 30 0 23 17 19 15 18 24 1 10 22 27 0 31 16 6 20 0 25 12 3 35 9 
0 28 30 27 3 0 21 11 33 17 20 24 26 12 0 22 29 31 35 34 19 6 8 9 4 15 0 0 18 25 5 7 2 16 1 
9 34 26 21 0 16 1 2 0 25 28 18 35 27 32 11 20 4 29 10 23 8 30 0 7 12 0 22 14 6 24 13 0 5 31 
6 0 8 15 26 23 12 24 29 19 21 5 11 0 3 9 30 2 32 28 0 13 25 0 4 10 35 34 31 7 1 18 17 0 33 
16 0 20 9 21 32 12 22 8 25 1 28 27 5 17 14 6 15 24 0 29 30 3 33 0 2 7 10 4 23 26 19 34 11 18 
8 29 15 0 24 0 30 3 0 27 17 35 7 6 33 5 22 34 10 18 0 20 2 21 9 1 25 4 31 19 28 16 32 14 26 
3 29 24 22 9 11 1 21 26 15 28 0 0 34 32 6 0 27 31 5 17 8 18 0 14 2 33 23 4 10 35 7 20 12 13 
15 30 17 12 0 34 32 31 3 20 13 0 16 11 26 5 0 35 27 23 9 25 14 19 6 22 0 7 21 10 18 0 1 24 4 
13 19 29 21 0 22 0 0 20 34 33 30 4 23 27 32 25 28 31 16 14 0 0 6 12 0 8 10 17 35 9 7 26 2 1 
30 11 12 13 22 10 34 35 1 5 3 0 7 33 31 26 24 2 14 0 0 9 0 18 17 28 8 15 27 19 6 23 21 20 25 
6 9 5 33 24 7 29 31 26 23 34 0 0 2 11 32 20 25 30 19 16 8 21 1 0 22 28 10 0 0 0 12 13 27 0 
0 29 16 0 24 10 12 30 2 32 14 19 17 25 9 26 0 1 4 13 6 18 35 34 33 8 28 3 23 0 27 31 20 21 22 
22 34 26 30 6 13 4 19 21 32 24 27 0 20 3 18 0 33 12 1 14 7 0 16 17 29 28 35 5 31 8 2 10 15 25 
0 26 0 8 13 10 0 22 28 17 20 0 32 2 25 30 35 27 3 14 4 9 29 34 5 0 19 7 18 23 16 24 1 12 21 
31 9 12 7 18 8 27 34 26 6 21 23 30 35 0 33 20 28 13 0 32 14 0 5 3 1 10 29 22 4 24 2 17 11 25 
3 22 34 31 16 1 29 25 0 32 19 9 35 7 21 33 28 15 26 0 5 30 13 18 24 4 6 14 2 23 17 27 0 12 8 
15 0 0 9 0 22 5 23 28 24 32 26 0 25 6 30 31 13 27 2 3 18 12 19 0 10 14 1 11 0 7 4 35 21 20 
11 26 24 22 0 3 1 25 32 6 19 0 30 28 20 35 16 31 10 33 4 14 15 21 0 8 12 18 27 9 13 5 0 0 7 
