24 6 0 13 25 3 9 7 11 30 10 0 0 22 21 18 27 5 0 2 28 35 19 8 0 23 26 32 15 33 29 36 31 12 0 16 
13 1 4 0 34 19 0 10 6 35 21 5 33 9 0 32 22 28 12 7 23 11 14 17 26 30 31 24 2 8 16 3 36 25 27 18 
11 18 8 23 34 19 32 9 0 0 31 13 3 36 21 29 27 15 20 4 24 6 33 7 14 1 35 12 22 16 0 10 0 25 0 28 
0 3 33 18 2 36 34 31 26 12 35 8 30 0 6 11 22 16 23 25 20 5 28 21 19 14 13 4 27 24 0 0 1 17 15 7 
0 0 0 25 14 17 11 13 0 3 34 31 30 32 23 35 20 21 26 19 4 6 9 36 33 12 24 27 5 15 18 1 7 29 0 16 
4 17 23 36 16 13 21 22 15 19 35 20 0 0 32 0 14 34 0 9 25 0 10 33 0 29 0 2 5 18 6 7 11 28 1 3 
21 19 0 11 26 8 0 0 35 15 7 13 32 27 23 30 10 3 16 34 14 18 0 25 1 24 36 5 28 0 4 29 22 9 31 6 
2 14 21 6 0 20 15 3 8 0 32 26 12 36 17 4 24 28 18 25 33 10 16 0 0 7 19 13 35 34 0 1 27 23 31 22 
2 0 34 0 6 0 32 28 22 26 10 24 17 19 0 18 27 5 1 33 4 11 9 14 35 0 21 15 12 13 3 8 30 25 29 23 
19 17 27 16 12 14 1 7 0 28 4 0 0 18 24 8 23 36 0 26 10 30 0 2 22 32 31 6 0 35 0 11 5 9 29 13 
35 15 29 0 1 18 0 9 36 4 30 14 2 16 7 24 27 12 0 22 3 5 6 10 20 33 21 19 13 28 34 11 8 0 26 32 
0 32 31 36 1 35 9 4 22 28 0 11 14 34 19 20 27 13 29 17 3 5 7 2 33 6 0 15 16 23 18 8 26 30 10 25 
5 0 22 0 35 31 25 3 7 36 0 18 10 12 14 6 29 32 4 11 24 0 21 20 8 30 19 0 23 9 0 34 0 17 13 27 
33 20 0 14 21 28 0 25 8 13 31 10 3 36 18 12 6 17 0 16 24 34 0 26 11 23 35 22 27 7 0 15 29 30 9 1 
11 33 12 26 0 24 5 0 0 1 0 25 21 23 16 19 35 29 31 3 0 17 22 20 13 2 0 14 9 28 27 34 10 7 4 8 
24 0 17 25 18 2 32 6 19 28 12 36 0 35 9 26 0 7 16 3 11 30 10 4 20 0 15 14 22 33 21 13 5 1 29 23 
32 1 21 23 36 9 22 28 27 15 16 3 0 8 2 7 6 31 34 24 5 17 14 11 29 20 35 0 10 4 0 0 0 26 30 0 
2 27 5 30 29 23 0 18 8 4 0 14 26 11 25 28 36 0 35 22 16 6 19 1 21 12 20 24 17 33 3 34 32 9 10 0 
15 31 8 20 16 36 27 4 0 23 0 0 1 30 17 12 10 7 11 0 3 0 19 29 18 14 24 26 0 22 34 6 25 21 5 13 
25 0 27 21 10 31 0 18 0 34 13 6 8 29 12 0 32 2 36 5 30 33 15 16 0 28 11 1 19 22 14 23 20 35 24 26 
