2 15 17 12 0 30 0 33 0 20 14 27 0 0 8 5 11 9 4 3 28 1 0 6 24 0 26 18 10 0 13 21 29 32 0 22 0 
26 15 33 14 4 13 23 0 30 6 36 1 17 34 0 32 12 35 11 0 29 25 21 28 18 20 31 16 10 0 7 5 24 27 37 9 0 
32 27 26 25 11 31 0 34 12 4 8 28 3 37 33 14 16 6 36 10 9 24 2 18 5 22 0 15 0 1 20 21 13 35 0 23 19 
33 36 2 23 20 22 32 26 18 27 9 5 1 8 16 6 0 0 37 29 12 17 34 31 21 7 0 24 30 10 0 28 0 3 13 19 0 
0 13 12 25 0 11 0 19 24 32 30 20 9 18 3 5 7 0 15 1 2 0 37 29 28 27 0 35 33 0 21 16 22 17 23 31 10 
0 0 27 26 3 30 13 0 22 17 5 8 21 11 37 32 18 31 12 16 0 35 9 7 20 34 29 2 4 15 23 36 6 25 1 10 14 
20 0 33 12 21 28 3 31 25 30 5 17 6 13 14 32 7 37 16 9 0 18 4 29 26 0 8 10 15 0 0 24 1 27 19 35 23 
13 18 25 1 29 34 10 27 0 16 0 6 5 4 12 22 35 30 28 0 23 19 36 14 0 31 37 9 3 7 15 26 24 11 21 20 33 
9 36 0 28 29 26 30 25 23 0 22 10 2 31 20 27 13 24 12 14 0 0 6 1 5 8 17 33 11 0 19 7 16 37 34 21 4 
8 11 26 7 31 21 35 6 1 28 22 5 14 9 0 0 32 27 23 25 0 36 4 13 17 33 24 19 16 0 0 10 37 29 30 20 2 
2 17 0 0 0 29 21 22 0 37 32 9 1 23 10 34 11 3 0 12 30 19 31 0 0 33 4 7 14 24 8 0 6 18 26 16 36 
28 32 25 20 10 0 14 16 19 21 33 1 23 0 24 9 2 0 17 37 3 35 12 4 34 27 7 0 0 18 11 22 13 30 15 6 36 
0 25 7 21 16 3 9 11 26 22 15 35 30 13 27 24 31 2 20 6 28 0 33 18 12 17 0 29 19 1 36 37 0 4 0 32 8 
27 18 4 8 0 0 2 17 24 33 0 35 3 32 31 12 5 34 10 21 0 36 26 0 9 25 22 23 0 1 28 6 20 13 14 0 30 
32 0 13 12 4 0 11 0 1 21 16 17 7 31 9 20 30 25 2 28 23 19 34 35 0 10 22 18 15 33 5 8 36 0 27 6 14 
20 5 37 29 28 18 0 2 0 35 13 7 26 12 19 30 23 4 11 14 15 16 24 9 32 34 0 1 3 33 25 6 36 22 27 10 21 
6 5 10 26 18 13 0 23 35 27 30 1 31 9 0 32 21 17 14 2 37 11 16 22 15 20 8 25 3 12 29 4 34 0 28 24 33 
28 8 14 13 0 20 34 10 17 35 25 24 0 4 0 29 26 0 6 7 27 2 31 1 9 36 16 23 18 0 32 15 22 11 12 30 19 
18 0 0 8 26 10 27 37 0 30 5 4 20 0 0 22 19 16 25 34 11 21 36 35 24 6 1 29 13 14 0 28 31 12 3 33 0 
26 0 4 2 6 0 34 33 3 30 29 36 0 21 0 25 32 23 31 35 22 15 13 16 17 12 9 18 37 19 24 28 27 14 10 11 8 
