0 31 5 0 26 28 33 22 38 29 0 9 3 0 16 25 12 30 8 35 1 13 37 14 17 34 21 4 0 15 0 7 0 20 32 27 10 24 
5 27 4 0 23 0 16 0 33 12 2 26 0 19 35 8 15 9 1 25 29 6 17 30 28 34 7 38 0 21 3 10 36 0 20 24 0 22 
35 4 22 5 13 0 23 34 28 33 6 37 12 19 0 2 26 32 31 15 30 0 8 17 0 10 11 14 36 25 18 7 29 20 9 1 38 24 
2 7 14 28 6 4 9 0 10 21 15 18 35 8 0 36 38 17 13 37 5 24 11 34 12 0 32 29 0 31 3 25 1 0 16 27 30 23 
24 21 0 28 18 19 3 1 0 26 35 0 22 32 9 17 12 0 20 7 0 0 0 27 6 15 34 38 0 5 0 16 4 37 30 33 14 13 
26 4 0 30 0 16 6 20 7 28 14 5 35 22 1 10 34 3 29 15 12 9 0 25 21 0 19 27 0 38 0 0 11 13 2 24 32 31 
34 14 38 5 33 0 0 30 7 24 18 35 9 21 22 13 0 16 8 26 10 27 3 20 28 19 0 29 1 32 17 23 15 6 37 25 36 4 
6 8 4 0 0 0 18 34 7 12 31 5 0 24 0 29 27 3 0 16 38 25 32 20 0 17 1 37 28 14 23 2 30 0 0 15 11 36 
24 0 28 17 31 21 37 19 5 25 18 3 0 0 6 4 34 26 16 29 12 11 0 15 8 7 36 35 10 32 22 20 0 33 9 23 0 30 
28 18 32 15 0 35 8 5 3 11 26 7 9 13 0 17 24 38 2 16 31 19 14 30 0 36 34 29 23 22 10 21 12 0 20 0 27 0 
0 36 30 37 11 18 0 0 23 1 35 16 0 24 0 0 38 0 27 28 7 0 12 29 3 0 17 19 0 33 22 15 4 20 6 14 5 32 
19 12 38 22 9 33 20 32 8 7 17 24 18 11 4 25 1 16 0 23 36 5 14 28 21 27 0 26 30 0 10 0 0 3 6 0 31 35 
12 15 35 0 11 32 20 31 33 4 22 23 34 17 0 25 2 36 1 21 0 37 27 26 3 7 8 13 38 10 16 18 0 30 9 14 28 6 
0 0 0 9 1 29 16 2 36 20 18 35 31 34 0 11 12 32 15 5 33 13 27 0 8 38 25 23 0 19 6 21 17 37 22 3 30 14 
27 0 32 7 22 23 0 26 2 30 6 18 14 34 10 35 20 11 3 38 36 15 0 4 24 1 17 25 21 31 8 9 28 16 0 37 19 0 
15 0 32 0 11 16 25 34 4 9 8 0 38 0 31 26 5 20 35 36 24 0 14 22 19 13 3 33 17 7 6 0 27 23 2 0 0 0 
17 7 32 3 10 34 0 19 21 0 12 22 1 5 25 9 0 0 4 31 28 26 37 16 2 8 23 33 0 36 29 24 30 11 27 18 38 14 
18 37 0 20 0 14 33 27 6 35 0 9 0 24 3 13 29 28 17 32 31 10 7 21 15 23 36 4 12 0 26 25 0 22 8 0 5 30 
27 30 26 19 17 34 4 6 37 1 18 25 7 33 0 10 36 21 2 28 0 29 5 3 38 8 11 16 32 20 14 31 12 13 22 24 0 15 
33 0 0 27 15 9 37 18 4 16 8 20 6 26 19 35 36 7 30 28 0 0 34 0 23 22 14 0 13 2 11 17 21 38 3 10 32 5 
