37 12 0 6 2 14 4 27 34 26 13 25 0 33 24 15 1 10 21 36 7 0 32 0 23 17 28 11 5 0 16 0 8 39 31 3 29 18 38 
37 31 0 20 17 16 0 6 1 18 5 28 3 30 33 23 0 2 0 34 11 38 0 13 15 36 25 32 4 21 12 39 10 9 0 24 8 27 0 
0 9 4 24 13 0 35 0 23 20 30 0 8 19 37 7 26 33 16 2 0 10 1 28 12 36 34 31 32 39 27 15 0 14 11 6 3 17 0 
5 16 19 36 17 28 27 22 13 9 0 6 2 26 11 31 0 4 8 7 10 29 34 30 12 23 25 21 20 3 14 15 38 37 33 1 18 39 0 
29 0 0 0 22 7 13 24 10 36 17 38 19 27 33 34 32 3 0 25 26 23 2 12 16 1 37 0 39 18 0 5 0 0 30 0 35 28 11 
34 19 29 0 28 1 8 2 16 9 33 31 0 18 11 30 12 23 37 7 38 0 0 13 4 24 5 17 26 39 25 35 20 27 6 3 36 15 0 
0 0 11 6 29 0 27 9 36 8 5 26 25 35 17 3 20 1 39 2 32 24 0 18 34 0 37 10 0 13 14 38 30 28 33 0 23 15 31 
0 1 31 39 23 0 20 18 0 13 2 0 0 4 0 26 28 12 27 9 10 19 17 33 8 6 7 0 24 14 30 36 0 35 3 38 15 16 5 
0 15 10 34 0 16 0 12 36 39 23 33 20 19 27 1 9 2 18 26 4 29 8 14 3 22 13 25 37 7 38 6 31 24 11 32 17 28 5 
38 10 26 32 0 28 16 5 0 13 7 19 34 0 22 31 24 35 37 21 12 4 1 0 0 11 39 30 0 23 29 9 2 6 27 33 25 8 15 
0 15 22 0 35 36 17 4 37 20 18 16 7 12 29 2 39 34 14 30 0 27 6 0 38 0 11 32 8 33 0 25 19 28 31 24 26 13 9 
3 30 14 22 4 2 20 6 36 23 21 24 5 13 39 9 10 15 38 0 8 35 19 31 34 29 11 32 18 26 7 0 25 12 37 27 17 0 28 
24 35 18 14 0 17 8 33 37 0 34 36 25 1 26 31 20 16 11 7 30 21 28 3 15 38 5 39 4 0 0 12 10 0 23 29 0 0 6 
0 39 27 30 38 9 11 28 0 29 10 35 26 17 22 19 13 1 34 15 3 18 20 23 0 7 2 33 0 0 0 0 25 4 32 5 6 12 31 
34 13 0 0 23 5 0 9 2 0 8 1 20 37 28 0 36 3 0 19 6 11 17 18 10 39 15 12 26 27 7 38 32 29 4 16 21 25 0 
21 28 6 37 13 18 0 20 0 19 0 29 27 17 0 30 11 25 4 0 22 2 36 26 8 9 15 0 5 32 24 0 39 35 23 7 1 31 14 
23 21 17 7 29 20 0 36 0 37 3 19 2 25 4 15 13 11 28 30 38 0 22 6 12 16 0 34 32 26 10 35 39 1 18 0 24 8 27 
24 0 36 5 0 10 29 39 26 32 22 15 0 9 2 33 23 30 12 11 35 17 8 6 21 1 19 7 0 14 16 34 3 20 4 37 28 27 25 
30 35 0 31 34 37 23 26 14 24 0 13 0 25 0 12 3 32 22 18 16 38 20 21 8 7 0 39 9 29 11 27 28 1 36 6 5 4 10 
36 17 38 21 4 3 33 34 0 0 0 0 5 0 6 12 15 32 0 28 31 18 22 25 20 35 0 26 8 9 7 29 1 27 14 16 11 23 37 
