20 18 36 0 0 11 0 0 10 7 27 22 19 34 0 15 32 9 30 29 28 2 17 1 3 21 23 31 0 33 6 8 25 4 13 38 14 39 26 37 
18 37 33 30 16 5 10 28 0 23 12 24 0 11 0 36 9 20 38 31 14 15 39 40 22 8 35 17 0 3 34 19 0 27 25 26 1 6 32 13 
40 18 7 17 2 15 9 10 0 37 24 1 0 34 31 8 14 21 20 26 27 19 6 5 22 30 4 3 25 12 28 33 35 16 36 38 39 23 32 11 
37 0 2 22 0 7 35 23 5 20 0 25 12 15 26 40 30 38 10 36 1 0 31 16 17 29 39 19 9 33 13 8 0 32 14 24 4 6 18 21 
22 0 7 6 0 11 0 10 38 19 31 8 3 23 0 0 39 30 24 0 12 35 29 20 28 18 0 15 37 21 16 0 14 4 36 26 1 0 13 0 
13 16 24 0 29 8 30 4 10 22 34 6 0 2 40 31 15 0 12 23 11 14 21 35 28 17 20 5 9 19 0 33 0 25 26 3 38 39 0 0 
39 35 21 0 0 37 13 32 29 15 0 26 8 3 4 14 11 0 18 23 28 0 9 17 16 34 10 1 24 19 27 36 20 40 30 6 38 2 33 7 
5 13 17 34 3 40 33 7 22 26 28 8 23 0 38 19 18 36 9 4 30 37 21 15 6 39 0 12 27 0 2 0 0 24 16 35 0 0 32 20 
0 0 39 23 0 4 24 20 15 0 10 38 40 11 1 18 28 26 29 31 25 8 21 17 35 33 0 6 3 19 0 16 30 27 37 7 14 34 2 12 
4 0 14 0 0 34 31 36 13 16 15 2 24 39 8 9 29 21 40 23 0 11 0 35 18 20 5 10 27 0 6 26 32 37 30 3 19 17 38 22 
23 28 25 17 35 22 13 6 26 9 10 38 15 40 1 21 20 14 4 0 8 5 31 36 18 32 12 0 0 2 0 3 34 16 39 0 11 0 30 7 
20 9 2 0 27 15 28 7 16 12 26 40 1 30 24 10 14 6 23 39 8 4 0 17 35 37 19 0 0 0 36 21 11 32 3 25 0 31 5 18 
2 40 0 12 26 32 11 9 24 19 22 30 33 6 20 4 16 7 0 1 15 25 18 31 0 27 34 14 0 8 36 38 10 21 0 0 28 35 37 13 
27 0 8 11 7 16 3 15 36 18 0 21 4 12 22 30 0 26 0 33 29 2 17 13 24 25 31 34 20 5 28 23 0 6 0 10 14 1 0 9 
0 4 0 7 11 10 17 14 16 25 9 15 18 35 40 21 12 36 3 2 32 26 24 13 34 8 31 39 19 29 28 30 27 5 1 37 0 0 0 33 
36 25 4 0 0 10 13 33 16 14 40 0 35 24 17 15 0 32 1 34 27 21 12 28 37 2 5 23 18 7 11 3 38 26 20 0 19 22 31 6 
31 37 7 30 23 13 38 10 11 0 0 3 28 19 14 21 32 25 24 2 40 5 9 36 4 39 0 29 8 15 16 34 17 0 6 0 1 20 0 18 
0 0 31 19 35 30 29 14 4 23 2 40 25 18 0 36 0 10 38 15 17 21 39 0 24 22 0 11 37 32 34 20 1 33 28 6 0 27 9 7 
39 0 0 22 32 0 4 19 38 26 13 27 33 0 24 9 36 8 0 21 10 0 14 28 31 11 16 25 0 0 17 40 0 5 23 30 2 20 0 37 
0 38 4 0 10 18 0 24 23 40 0 30 11 19 28 3 29 17 5 32 14 7 25 27 12 2 33 22 1 36 15 21 35 0 39 6 34 9 16 8 
