0 6 26 27 0 5 29 39 0 8 12 35 19 0 40 34 37 30 9 4 13 33 36 32 21 17 41 10 24 1 20 38 14 25 28 22 2 23 0 7 3 
37 3 9 25 4 12 29 16 15 32 14 8 0 22 19 31 18 30 17 2 33 13 7 39 21 36 34 0 1 6 23 26 11 0 40 27 5 28 0 41 20 
6 38 16 37 20 2 41 39 22 3 28 0 19 17 27 26 0 13 14 33 0 0 21 11 0 23 34 15 7 29 32 4 8 35 0 0 1 36 18 25 31 
17 40 18 0 3 0 23 31 36 35 8 6 33 39 7 28 0 25 10 12 29 16 32 14 26 2 24 11 41 15 34 0 0 38 13 22 0 30 19 0 0 
38 15 33 18 25 37 1 4 20 27 3 8 30 13 0 7 24 0 41 5 0 26 0 16 40 6 21 31 17 23 14 12 0 19 0 28 35 32 2 39 10 
0 23 30 11 18 9 39 40 1 6 0 38 15 0 0 26 33 8 22 13 20 0 12 5 0 36 31 25 7 35 24 34 28 17 41 2 29 0 10 3 14 
37 18 38 31 32 22 3 21 2 20 4 33 7 23 36 40 0 35 34 16 5 9 12 25 17 0 26 27 0 10 6 11 15 41 28 0 30 0 1 19 14 
0 15 19 9 40 1 0 23 24 39 36 2 17 12 5 31 18 37 26 29 20 6 38 0 27 28 3 7 14 32 11 8 41 16 33 22 21 35 4 34 0 
8 11 18 1 14 25 16 32 34 28 31 9 15 24 6 40 41 22 39 12 17 38 29 37 2 23 13 19 0 4 21 27 5 35 33 0 30 26 36 20 3 
40 14 0 31 2 11 41 5 18 30 19 16 0 7 0 1 21 37 23 25 35 24 10 36 29 33 9 3 38 39 26 13 22 15 0 6 12 28 32 8 17 
24 0 29 19 8 34 18 10 38 7 5 9 28 25 6 0 26 1 22 23 41 11 30 2 4 39 16 37 0 27 33 12 40 21 32 14 35 36 0 17 20 
8 30 23 21 20 0 19 16 7 32 31 38 18 4 11 35 0 17 13 27 10 26 29 22 24 3 34 1 0 36 37 40 25 12 41 5 6 0 9 39 33 
4 1 38 0 8 16 0 15 26 17 25 13 23 0 41 22 0 36 0 31 20 30 32 5 24 2 37 29 0 34 3 19 39 12 27 35 40 14 18 11 9 
41 38 14 40 28 37 21 6 23 0 32 25 11 8 34 26 19 20 9 35 4 0 5 33 0 24 17 22 39 29 0 7 10 0 15 31 2 0 16 3 18 
21 27 11 40 8 20 17 32 1 15 6 7 0 16 19 12 23 38 36 28 24 0 30 14 3 10 41 5 0 0 22 34 18 29 25 31 26 13 2 35 0 
4 34 0 0 0 9 31 21 28 1 5 29 2 36 35 41 20 7 40 10 15 17 27 38 12 30 24 26 8 19 3 13 37 6 22 23 18 11 14 39 0 
8 0 34 22 0 30 0 26 37 32 19 28 16 5 29 31 41 9 15 6 0 2 35 17 18 0 21 0 0 13 27 20 12 11 10 0 0 0 24 23 3 
37 35 41 3 2 5 14 11 28 24 17 1 23 0 0 0 26 32 15 38 9 4 25 20 33 39 0 29 19 6 13 27 21 10 22 18 0 40 12 7 34 
33 36 11 27 41 1 17 25 0 21 14 3 0 13 24 6 19 0 35 10 12 29 37 4 23 8 16 18 40 31 0 0 9 38 2 15 32 7 28 30 39 
23 30 37 0 15 21 0 22 31 27 1 41 2 35 0 18 0 39 3 5 36 4 34 33 16 6 20 10 14 8 29 19 26 9 28 17 0 7 40 38 24 
