0 29 39 1 0 15 33 24 32 20 25 14 7 41 19 31 37 2 10 21 42 30 36 38 8 6 0 40 27 17 5 35 0 28 12 18 4 16 13 0 34 3 
16 9 0 26 27 41 34 0 12 37 6 14 28 23 24 29 0 0 33 38 0 39 21 19 35 17 20 11 0 0 40 0 5 36 32 15 18 8 7 42 0 1 
38 39 4 14 15 17 0 31 22 37 34 35 33 16 41 8 19 24 9 1 32 23 10 0 21 36 20 2 26 3 0 12 11 7 5 0 0 25 6 13 30 27 
25 0 0 8 15 22 26 17 30 0 23 33 24 27 0 3 9 37 0 18 39 12 40 41 35 14 5 1 7 28 32 29 21 31 2 6 11 36 20 0 10 19 
17 28 12 33 20 30 27 0 8 7 34 5 35 24 6 18 32 31 41 23 36 15 39 0 21 1 0 11 40 19 4 13 3 42 38 22 26 0 14 2 9 0 
21 31 0 0 9 1 38 23 13 0 32 0 11 0 33 25 42 34 0 39 20 0 16 37 26 27 10 2 41 14 19 28 4 0 22 15 40 5 18 35 3 12 
2 0 0 37 0 24 42 31 0 14 35 34 4 16 5 25 0 22 17 30 33 39 7 13 0 23 41 9 3 8 32 10 26 29 18 20 15 36 28 6 19 40 
33 3 28 23 31 11 39 38 12 29 15 34 17 0 36 0 24 26 0 1 27 6 8 7 5 13 0 22 0 2 32 30 9 21 0 0 35 19 0 41 20 25 
32 9 8 15 21 0 33 6 22 16 39 40 0 38 42 5 41 7 0 12 25 17 29 35 19 34 20 30 0 27 23 31 24 3 11 14 4 18 0 2 0 10 
35 14 34 0 0 11 0 37 41 24 0 13 38 1 12 15 28 23 0 40 2 39 0 19 18 0 7 22 25 4 0 0 36 5 9 27 21 0 31 29 33 17 
28 25 16 15 24 3 33 4 42 0 0 41 0 13 31 30 38 0 21 12 29 40 14 7 9 39 11 32 17 10 26 27 8 23 36 6 34 5 1 35 19 22 
16 28 5 39 0 11 4 1 22 36 33 15 0 0 20 10 18 32 9 26 35 30 41 31 38 34 21 8 3 23 42 19 0 17 40 27 25 24 14 0 0 2 
0 25 29 3 7 32 4 42 19 11 0 1 10 9 30 17 36 15 0 14 27 28 40 13 34 0 26 37 23 31 24 21 35 8 12 20 2 39 0 6 16 5 
28 12 0 41 2 42 26 19 0 33 15 1 36 18 9 39 34 8 22 0 0 5 37 10 13 16 17 11 23 25 24 31 7 21 0 32 4 14 0 30 6 38 
41 0 10 0 40 31 0 12 15 32 29 5 28 19 11 25 7 2 38 21 42 37 0 16 18 0 30 22 0 8 26 39 27 20 34 3 17 1 6 23 0 4 
8 14 10 11 13 0 28 39 7 25 0 5 23 12 9 33 0 27 18 3 1 0 0 41 15 30 36 19 31 20 16 6 38 24 21 40 0 37 26 32 4 22 
34 0 18 9 25 26 5 3 0 21 22 0 0 10 23 7 19 29 27 2 8 39 17 36 0 40 20 11 1 4 35 33 24 28 37 30 38 6 42 32 13 16 
23 0 28 35 0 33 0 20 14 37 19 32 41 17 22 25 16 40 34 21 0 10 9 12 4 11 3 38 26 18 15 42 0 0 36 0 39 5 30 13 24 8 
0 22 6 32 0 7 10 11 4 33 9 25 5 28 0 15 42 30 35 1 24 0 31 0 40 39 41 17 19 0 36 23 29 18 26 13 38 20 14 2 34 27 
41 0 31 23 40 38 28 15 10 30 33 4 22 1 29 0 19 0 32 2 36 27 25 18 37 16 24 0 0 13 9 14 42 0 0 20 0 7 21 11 12 39 
