9 0 19 8 32 4 30 43 37 39 0 10 0 17 40 42 33 26 38 27 6 11 24 21 20 0 31 29 0 14 18 34 23 22 0 5 28 41 0 7 0 35 2 
9 0 2 43 36 1 41 18 28 27 31 8 34 29 10 17 40 0 0 5 6 15 0 32 11 42 0 37 30 38 4 23 22 24 26 19 33 12 0 20 39 7 0 
27 30 14 43 16 20 0 34 36 21 41 26 42 32 5 0 0 2 40 37 22 13 0 23 0 15 35 4 6 3 39 10 19 28 11 38 25 29 33 17 24 9 0 
5 43 0 19 37 31 40 15 0 4 1 17 0 0 20 33 0 8 11 10 13 21 3 41 18 39 29 16 2 35 9 27 6 38 12 0 0 26 22 42 34 30 25 
22 17 28 7 11 20 1 42 6 0 18 24 0 38 35 33 5 41 34 32 23 16 31 25 37 43 0 12 8 4 10 29 19 13 27 14 26 0 0 2 0 3 36 
35 43 19 28 20 5 22 32 18 25 10 42 40 0 11 27 33 14 0 24 15 30 1 39 38 23 9 6 17 34 0 3 41 29 2 8 0 16 0 7 0 13 0 
18 1 19 8 30 23 15 31 7 21 0 22 43 0 20 14 0 32 0 34 0 41 37 16 13 27 0 0 9 28 24 6 11 26 40 10 29 0 2 39 25 35 4 
7 0 25 41 19 27 12 26 43 18 9 24 21 37 36 39 8 20 14 32 42 4 31 16 10 0 28 34 3 17 22 30 0 0 33 2 0 40 0 29 6 15 1 
0 6 17 37 25 30 41 34 8 15 0 29 5 10 42 7 1 43 22 33 27 38 28 23 40 4 32 21 20 35 24 16 0 31 14 0 39 11 2 3 0 19 9 
38 36 29 24 19 26 0 41 0 35 8 1 11 0 17 5 13 4 6 22 42 3 16 10 0 25 31 33 39 14 15 0 40 0 37 43 27 34 23 2 0 30 18 
37 0 33 16 15 32 27 18 0 26 0 0 24 8 10 25 0 28 17 5 29 23 21 38 39 7 19 11 1 0 40 12 30 42 20 31 9 4 43 22 0 13 35 
0 23 0 19 33 1 4 11 24 27 32 22 39 0 0 15 18 14 8 0 25 38 28 20 13 6 0 0 9 17 40 3 21 5 30 31 26 7 0 12 35 41 36 
7 5 11 14 22 4 23 17 15 19 1 39 8 25 6 13 10 27 35 0 0 37 0 26 38 31 0 21 36 2 33 24 3 42 32 43 20 29 0 0 16 0 40 
26 7 1 41 16 27 20 15 14 0 39 0 33 34 25 0 22 0 21 0 5 0 24 35 42 40 8 12 13 9 10 31 17 37 11 32 36 29 4 0 0 0 18 
19 28 31 15 11 0 0 13 37 8 12 1 3 20 38 17 24 10 22 7 36 4 14 40 26 5 29 23 35 25 16 41 18 32 30 33 0 6 42 43 0 27 9 
23 26 37 18 16 3 27 17 41 35 38 11 25 2 13 14 7 32 34 22 0 0 29 12 42 20 39 31 5 4 24 19 10 6 40 43 8 1 15 30 21 0 28 
15 6 28 20 25 42 39 41 24 30 0 0 0 31 32 14 11 35 2 36 4 3 7 12 21 22 0 23 26 5 0 19 40 29 0 18 13 27 38 37 17 43 33 
29 4 0 0 3 21 9 42 31 14 10 5 35 7 23 17 30 19 2 33 15 28 0 11 32 16 8 24 37 41 40 12 0 1 6 0 27 18 0 36 39 26 34 
26 4 34 17 43 42 10 19 14 41 6 21 0 35 20 25 0 29 2 12 7 0 0 36 24 0 1 8 37 0 39 9 27 30 22 13 40 11 32 33 16 15 0 
7 16 9 34 29 42 4 41 11 30 39 36 24 25 38 17 28 22 15 27 40 6 1 2 37 8 14 0 43 32 26 19 31 20 23 5 18 21 0 13 0 12 10 
