26 7 34 22 1 8 18 27 12 6 30 23 31 13 37 21 42 29 4 0 2 10 11 33 39 38 35 15 3 40 0 0 41 5 44 25 36 28 19 0 17 20 14 0 
29 0 10 0 4 24 1 28 7 20 0 25 30 40 27 5 11 15 13 36 18 23 0 0 22 21 0 14 35 12 34 26 0 32 8 19 43 3 44 0 33 16 31 38 
36 0 12 0 33 39 1 2 29 0 34 6 0 5 40 27 26 10 11 13 15 32 0 20 37 28 31 18 30 42 3 17 23 24 25 43 44 19 8 0 0 16 22 21 
23 0 26 7 0 14 18 36 32 41 15 0 21 11 9 24 3 25 1 0 37 20 0 35 8 19 16 17 43 40 2 4 42 44 0 38 34 13 0 29 5 28 39 22 
4 28 18 42 36 12 10 23 37 0 8 16 39 29 0 31 44 41 0 5 0 32 24 3 0 21 9 27 33 0 2 0 11 26 43 38 7 1 15 17 0 14 30 20 
11 14 7 19 23 33 37 44 10 22 20 17 0 0 4 24 2 1 8 9 0 16 25 36 3 32 0 31 13 15 43 29 40 27 41 26 0 34 21 12 39 6 5 28 
44 0 1 26 33 38 13 0 14 35 41 2 0 18 22 12 9 0 43 21 11 5 29 3 36 31 34 25 7 24 37 39 16 19 28 6 0 15 23 42 17 30 4 0 
8 0 23 5 25 29 42 24 39 27 13 14 10 6 35 19 20 37 31 28 22 15 44 2 3 16 12 0 32 11 33 43 0 38 17 40 36 21 30 4 1 34 41 26 
28 0 24 11 0 42 8 3 4 34 0 10 5 35 22 14 43 38 18 7 12 32 13 39 17 40 29 36 30 15 2 33 16 27 41 6 9 1 31 19 44 23 37 26 
0 0 0 41 24 40 26 7 0 19 13 44 34 10 0 37 18 35 32 2 23 29 39 8 1 22 30 31 9 5 4 17 36 21 0 15 42 27 12 20 16 25 14 33 
0 12 0 13 4 23 37 29 8 24 36 19 7 28 41 26 14 44 11 5 20 32 17 38 9 30 0 40 16 31 34 10 35 1 0 21 42 43 3 22 39 15 27 2 
0 6 12 43 27 38 26 0 22 32 5 0 2 0 0 7 8 1 39 16 41 36 13 20 4 34 3 23 18 9 40 30 11 0 14 0 0 31 44 37 25 0 28 29 
30 0 33 28 44 3 6 5 19 22 4 9 42 38 37 36 35 29 17 41 32 13 14 1 0 21 0 27 25 7 12 34 23 0 43 8 0 15 16 24 18 40 10 2 
10 0 2 0 29 31 4 18 39 0 21 28 11 19 40 32 1 44 6 25 41 38 9 12 26 3 15 35 36 22 0 43 23 24 7 33 27 16 8 14 5 30 13 20 
4 10 15 44 22 1 14 28 34 7 0 6 31 33 0 0 0 9 3 32 36 13 21 30 26 18 0 19 5 8 25 17 27 38 39 20 24 16 12 2 40 43 41 11 
6 40 23 43 2 24 33 13 0 0 14 20 28 36 35 32 29 27 39 44 3 12 1 30 18 16 42 10 4 15 19 31 22 9 37 34 8 0 17 25 11 41 38 26 
5 42 0 35 37 8 43 10 31 23 19 44 38 0 6 21 0 26 4 1 11 40 33 27 28 0 0 15 20 14 13 36 0 29 7 25 9 39 24 34 12 41 2 0 
6 11 9 37 41 31 12 28 4 39 38 26 0 7 14 29 24 44 18 34 36 0 19 20 2 0 0 43 23 13 0 33 27 5 25 17 22 3 1 21 32 40 10 0 
0 0 15 3 35 43 40 39 18 32 7 25 0 36 19 23 1 6 24 42 17 16 44 10 31 13 12 41 20 5 4 26 14 2 29 30 33 22 27 37 0 38 8 34 
0 4 36 41 25 0 39 37 34 19 14 7 28 1 44 29 42 6 0 8 0 3 33 31 22 40 12 11 23 5 38 2 0 16 0 20 0 17 21 9 0 18 0 26 
