37 0 8 44 39 23 0 28 33 34 35 2 18 10 32 31 0 27 6 16 4 17 20 7 30 22 43 19 13 36 12 5 29 38 24 0 9 1 42 3 15 25 40 26 41 
15 38 4 26 28 9 0 7 1 22 43 13 44 12 40 0 33 11 30 34 0 8 6 21 24 0 41 19 0 3 37 31 0 17 39 18 16 45 29 32 0 20 0 5 27 
20 41 15 39 3 23 37 44 16 29 0 34 14 42 10 19 12 8 18 33 30 5 9 26 36 28 21 27 0 43 0 45 22 38 6 4 13 2 31 1 11 40 17 0 7 
5 25 8 44 38 2 24 19 6 4 41 23 31 10 32 9 15 16 0 18 0 14 36 30 11 45 20 42 35 17 0 12 1 21 33 22 34 13 27 26 3 0 0 40 43 
35 0 37 41 20 14 0 15 24 36 44 28 12 33 18 26 38 2 32 23 30 7 21 13 4 3 31 27 0 0 16 29 19 5 8 0 0 45 1 11 10 34 6 22 43 
0 11 13 35 8 17 16 3 37 29 32 5 0 25 0 38 1 40 34 6 19 18 0 0 0 27 15 23 2 22 24 21 30 26 28 12 0 0 14 36 43 45 44 39 33 
0 40 0 8 27 28 3 18 20 25 34 21 23 4 17 0 42 0 32 44 30 43 24 15 0 14 29 1 12 38 0 33 13 31 5 6 35 41 2 16 45 10 36 7 39 
27 21 31 13 2 39 33 43 29 3 0 8 0 45 23 41 0 20 6 4 22 0 9 34 17 1 16 5 18 0 42 28 25 38 19 0 40 0 37 12 15 7 11 0 10 
40 4 6 11 10 16 26 0 0 29 39 0 33 37 21 32 7 0 43 30 8 1 5 12 0 3 19 14 28 36 18 20 24 44 13 9 45 23 27 35 25 15 42 0 41 
31 0 11 37 28 38 27 44 20 36 22 30 1 9 6 0 15 16 18 34 29 40 43 14 0 24 4 8 5 17 35 12 13 25 45 42 32 10 3 33 2 39 19 23 0 
0 38 5 0 39 36 0 26 12 42 34 3 7 4 17 27 40 35 37 1 9 31 25 15 44 14 0 43 30 32 6 18 45 28 16 13 41 10 11 19 21 0 20 24 0 
5 38 0 26 2 16 32 30 10 3 28 27 0 20 40 13 6 37 22 12 42 31 8 43 24 11 9 41 0 34 17 39 29 25 0 4 33 14 36 45 44 23 19 0 35 
41 21 0 10 36 32 23 43 17 0 12 4 9 22 39 19 0 2 0 15 33 38 18 0 3 11 34 40 37 20 42 30 26 28 0 24 0 25 35 14 27 16 5 1 31 
15 34 39 32 33 14 18 36 0 16 7 45 43 30 12 1 0 20 27 0 0 26 22 29 4 9 25 44 19 23 38 35 17 41 31 21 40 28 8 13 0 2 24 6 37 
35 21 33 2 0 12 22 43 0 14 5 36 16 28 18 0 3 31 45 27 40 34 1 23 7 15 37 44 42 38 29 8 20 6 32 0 11 17 0 10 39 24 9 41 30 
20 10 0 31 25 24 8 1 38 43 35 21 41 0 0 18 22 44 39 36 5 45 13 37 14 27 0 15 0 28 33 6 34 30 19 42 26 3 0 4 2 12 16 7 29 
35 12 25 0 40 18 13 22 11 17 0 15 4 42 32 1 6 7 38 39 0 24 5 0 28 37 31 0 19 20 21 3 16 8 27 30 23 36 14 33 43 26 9 41 10 
33 21 26 32 39 35 43 6 0 28 22 14 0 45 36 41 31 1 10 17 0 13 4 40 23 18 12 3 11 19 5 9 0 29 15 24 2 42 0 25 8 0 38 7 20 
17 0 24 42 0 25 23 27 36 41 29 45 43 28 9 40 5 14 0 12 4 6 20 22 15 34 0 0 3 16 19 13 8 0 33 32 31 0 44 26 0 30 0 11 21 
14 21 8 35 0 0 0 9 38 22 17 45 6 24 25 30 10 44 40 43 27 12 19 42 1 36 11 2 0 29 20 18 0 7 34 28 23 16 4 15 0 3 5 26 31 
