4 15 45 22 3 37 28 12 44 18 0 27 25 40 1 34 20 23 11 38 42 21 41 2 19 39 43 8 7 32 36 26 0 24 0 0 31 30 9 46 5 13 33 6 0 17 
31 37 21 41 9 25 33 23 35 42 43 36 16 29 12 30 26 11 38 27 15 13 4 10 7 40 39 2 22 46 3 20 8 5 32 6 0 1 24 28 14 19 0 45 18 44 
10 27 30 44 0 0 35 21 29 2 45 3 16 25 31 14 0 37 28 24 4 11 17 36 43 38 41 0 19 32 12 0 1 7 33 8 9 15 23 6 5 26 46 13 42 18 
19 17 36 28 0 27 0 40 31 25 23 20 0 13 0 26 34 1 24 11 41 7 22 32 43 3 9 8 5 2 15 14 6 12 44 10 21 46 0 42 38 29 39 0 18 30 
41 42 37 1 28 15 36 26 30 39 18 43 31 8 10 0 6 9 16 19 0 25 2 0 3 23 13 38 4 17 11 34 46 24 7 32 0 20 0 27 40 44 29 33 14 35 
33 13 44 5 19 1 42 15 36 45 25 0 0 2 0 18 0 31 16 6 35 26 20 41 10 8 38 43 34 4 0 30 37 32 24 12 7 40 9 21 46 22 3 27 28 14 
5 7 14 20 19 38 35 37 28 15 26 13 29 21 0 3 40 17 9 39 2 16 6 30 34 42 11 41 22 31 18 46 1 36 27 45 4 43 10 23 0 8 44 25 12 33 
4 0 0 45 22 37 1 17 21 2 20 24 43 0 9 28 31 41 6 8 0 19 46 10 11 12 44 14 33 38 40 15 13 42 16 26 23 18 32 7 5 39 35 30 0 0 
3 28 16 19 25 10 45 27 42 12 0 39 1 33 46 44 20 0 13 22 36 34 26 14 4 5 0 40 31 11 6 9 37 24 23 0 32 0 41 17 8 7 38 0 30 2 
18 38 30 32 37 12 42 46 2 4 0 0 20 39 40 10 23 31 0 36 19 8 29 17 3 0 15 0 1 28 34 27 43 11 24 22 13 7 33 35 6 16 21 0 41 0 
40 36 0 31 37 14 5 29 41 6 12 45 33 18 34 46 15 13 0 2 26 27 11 19 16 35 38 7 1 43 0 42 23 21 44 24 9 3 4 22 0 17 8 30 25 32 
35 44 21 31 43 1 11 32 23 0 4 0 24 16 22 0 28 8 37 0 17 3 29 30 38 12 41 18 13 0 33 46 36 19 9 40 39 14 15 5 26 34 27 20 6 45 
0 9 11 29 16 32 0 45 12 33 7 36 8 35 0 0 1 24 40 43 31 38 0 3 37 5 13 41 14 20 23 19 34 44 10 27 21 28 0 39 42 26 17 22 18 0 
36 8 35 1 16 15 23 34 19 3 0 21 17 24 39 43 37 7 2 30 18 42 0 0 44 45 6 13 25 41 32 11 5 46 33 40 29 26 31 9 27 0 20 12 4 28 
36 0 10 7 2 12 35 27 33 6 18 34 43 38 26 9 3 0 0 0 25 40 20 41 0 24 28 22 31 11 32 16 46 13 1 0 45 29 15 21 17 14 30 0 4 39 
30 14 39 44 8 42 37 32 43 41 25 11 2 0 33 40 13 36 24 7 17 15 1 38 0 34 20 31 28 0 0 6 21 22 0 26 19 35 12 0 9 29 16 10 4 0 
46 11 0 13 25 0 42 0 45 40 44 24 39 12 26 20 28 32 35 23 2 4 30 38 36 17 14 0 16 33 15 8 21 0 9 0 1 37 31 19 0 18 22 5 41 0 
0 5 17 22 37 29 0 14 24 23 16 31 39 2 19 27 26 34 28 13 10 42 40 11 44 41 45 0 43 33 8 4 3 0 20 0 6 30 25 1 15 9 18 32 38 0 
23 18 32 44 15 14 45 33 0 34 9 11 6 41 0 28 0 31 30 10 17 5 37 2 3 24 43 39 46 20 36 29 26 13 0 7 27 25 1 12 0 8 4 40 22 35 
34 39 37 0 40 41 22 0 36 35 31 29 0 44 0 0 14 20 38 1 18 45 6 2 0 11 3 0 46 0 0 4 27 9 0 42 12 30 19 10 13 43 25 28 8 23 
