8 12 23 0 3 32 4 47 28 0 45 9 11 10 0 14 24 5 1 6 0 44 33 19 41 2 42 21 0 13 7 22 16 35 0 39 0 18 34 15 37 38 30 46 17 29 0 
2 7 33 45 0 17 0 31 5 22 38 16 25 19 42 1 0 28 18 46 0 34 4 20 30 37 32 12 3 27 36 24 40 47 23 9 11 39 29 15 0 13 26 43 0 41 14 
45 11 4 21 17 25 46 44 15 32 0 37 10 42 28 31 0 8 30 24 0 39 6 19 29 9 3 7 5 0 36 23 22 0 33 2 14 40 18 26 1 27 13 47 16 34 20 
23 17 0 44 16 42 47 11 6 32 38 15 1 24 0 29 34 46 39 7 36 4 0 21 13 19 25 31 35 2 14 43 12 26 8 33 5 45 3 28 22 27 20 18 40 10 37 
25 40 13 11 27 9 19 18 42 17 5 10 16 35 43 34 36 12 33 38 37 8 15 0 21 29 23 31 47 22 32 41 2 4 30 44 45 6 7 0 1 28 26 3 39 14 20 
0 45 18 26 29 14 0 28 36 0 0 15 17 31 40 34 42 23 2 7 38 37 16 0 10 9 0 24 41 4 35 1 27 0 46 33 20 43 13 32 0 44 30 22 25 47 8 
40 9 0 7 20 11 25 34 1 3 13 44 35 6 28 21 46 17 38 22 18 47 39 41 15 16 24 19 10 42 0 0 31 5 4 23 30 33 8 0 29 36 26 37 14 27 45 
0 0 1 18 40 0 9 30 46 12 7 36 27 3 22 35 11 5 15 2 0 41 0 4 23 47 43 24 8 21 26 31 29 0 38 14 32 44 0 0 20 28 17 25 42 33 34 
36 13 23 35 18 26 20 24 3 8 25 10 47 32 4 0 15 9 27 6 1 21 28 14 33 44 46 38 31 17 0 0 43 39 19 42 12 29 7 0 22 16 0 37 40 41 30 
3 0 43 45 21 40 18 14 17 23 1 16 0 31 0 9 0 39 35 6 0 19 11 37 36 8 30 46 5 26 32 25 13 44 41 10 42 7 0 34 4 29 47 0 0 22 15 
2 40 47 0 0 38 4 35 8 0 12 42 25 10 43 31 32 29 36 16 34 11 7 28 14 1 13 26 22 23 17 39 46 15 37 27 18 5 45 6 0 0 20 19 9 44 21 
16 42 34 25 38 1 17 18 35 31 19 28 46 7 4 36 22 5 13 11 0 27 40 12 47 10 39 41 9 23 32 0 29 30 8 44 43 0 45 0 37 15 0 21 20 33 14 
46 10 44 9 42 27 40 2 0 3 1 20 45 0 41 4 19 21 14 39 24 30 34 37 43 25 32 23 35 13 17 47 0 26 18 5 22 36 38 16 0 15 29 0 7 12 8 
33 29 39 13 19 7 2 23 12 0 43 36 5 46 44 34 45 20 26 1 6 3 32 31 24 9 38 42 11 25 16 18 15 14 0 10 21 35 27 30 40 41 28 47 37 0 4 
15 0 27 23 36 44 24 0 33 2 3 42 21 40 37 19 8 30 1 26 0 35 38 17 11 45 13 29 46 6 41 25 18 31 39 7 22 16 10 32 9 47 20 0 28 12 0 
20 27 22 19 39 33 0 11 36 24 3 34 0 30 45 40 13 37 25 12 8 16 14 1 46 41 6 18 0 0 29 21 31 43 4 47 5 35 26 10 38 7 0 9 17 2 28 
45 25 29 0 31 20 30 47 0 5 26 40 43 7 38 4 12 39 24 23 8 14 18 17 35 34 28 36 13 11 16 46 41 0 32 44 0 0 10 33 42 9 19 21 3 1 22 
33 0 0 26 18 17 45 0 4 39 32 46 34 24 42 3 21 28 16 10 40 9 47 0 5 0 12 30 7 44 29 14 0 41 22 15 43 13 23 20 35 31 1 0 38 6 2 
0 11 40 35 25 45 0 24 17 21 36 34 0 46 20 12 2 1 28 47 0 0 31 43 23 27 15 7 33 10 44 30 39 22 38 14 5 26 4 6 13 29 3 42 18 19 0 
0 24 23 41 8 21 12 18 20 14 17 25 3 46 2 10 27 22 0 5 39 0 45 40 33 6 43 13 7 35 11 34 16 19 15 9 29 42 0 44 26 31 28 38 36 47 32 
