36 39 48 30 40 28 23 0 44 2 47 15 7 26 11 13 6 1 12 0 0 34 33 22 0 41 5 31 45 42 32 21 4 10 3 9 29 43 0 35 25 19 14 17 8 0 46 20 
30 0 5 9 23 21 47 35 45 1 14 29 10 42 7 0 48 31 41 38 26 20 6 40 0 17 46 19 22 0 13 3 15 8 16 34 33 0 0 43 25 32 12 0 0 39 27 0 
21 8 1 32 46 2 36 22 33 37 15 6 28 0 40 5 0 3 0 18 35 13 26 14 0 27 0 24 38 48 0 41 44 29 9 20 4 25 10 0 43 19 47 12 30 39 42 11 
5 33 0 48 32 44 28 41 36 35 1 21 25 9 18 47 34 20 0 23 4 31 39 8 10 11 3 0 24 0 13 15 30 42 14 16 0 45 38 46 40 43 6 27 7 0 2 0 
0 14 0 0 13 28 44 27 12 0 39 19 32 41 8 0 30 34 40 18 37 43 0 46 2 29 0 15 36 7 1 9 35 33 45 47 11 21 31 38 24 23 42 10 5 6 0 16 
22 17 10 40 7 18 26 6 35 12 33 38 0 0 1 48 36 4 42 8 25 39 20 19 13 21 23 15 0 47 27 0 32 30 31 0 28 24 34 45 29 9 3 0 37 2 0 46 
3 23 0 8 36 10 40 47 25 31 37 24 18 7 21 4 0 34 17 9 43 30 42 29 12 20 15 32 0 38 26 27 13 14 45 6 35 48 22 11 44 28 41 16 1 33 46 19 
22 34 0 42 31 19 39 11 3 20 35 37 17 33 9 30 8 12 32 40 13 25 4 27 0 2 0 0 10 7 0 5 44 6 46 29 36 26 21 15 48 18 24 45 23 0 43 14 
22 5 41 34 27 19 17 39 37 42 30 0 43 15 24 32 0 6 11 4 23 10 26 16 45 47 21 7 2 36 38 40 0 13 14 35 46 3 25 28 44 0 0 48 1 29 18 33 
41 42 43 24 0 34 30 44 0 21 31 17 35 36 0 20 0 47 0 15 16 14 0 32 3 13 2 23 37 27 1 0 28 33 29 45 22 8 46 38 9 11 39 25 19 4 10 7 
45 13 4 20 11 23 18 17 6 21 44 33 12 9 0 24 15 5 0 26 16 7 2 22 41 8 32 48 19 46 42 10 39 47 29 40 36 37 25 1 35 14 0 43 28 27 38 0 
38 45 9 27 4 17 43 40 0 46 47 33 6 8 16 0 32 48 23 29 11 30 13 20 41 15 14 44 5 34 22 2 26 7 36 28 25 31 0 18 0 39 35 42 0 1 24 19 
44 6 20 38 7 24 33 14 26 47 5 35 1 48 16 40 11 27 18 43 0 39 34 32 13 10 41 37 3 42 30 19 25 0 8 23 9 28 2 31 46 36 0 12 22 29 45 15 
45 0 8 39 14 19 18 30 28 32 23 6 27 3 25 26 43 37 0 0 2 15 33 31 12 4 16 1 21 35 44 40 0 47 9 46 41 17 0 24 11 34 20 5 42 0 7 10 
35 9 10 0 39 22 23 36 45 30 19 41 31 1 6 38 2 27 0 47 11 14 17 37 7 15 44 3 13 46 25 18 5 33 20 16 8 43 28 12 34 21 29 48 32 26 42 4 
46 43 33 37 40 32 8 5 47 11 44 31 0 2 13 1 15 3 25 14 0 27 20 9 10 0 45 17 7 28 35 38 30 19 29 23 41 22 4 0 12 48 0 21 36 39 26 24 
19 34 33 15 2 44 5 48 18 45 20 0 0 47 39 17 4 3 28 27 29 40 16 32 26 23 10 46 1 36 6 11 0 43 14 8 31 42 22 24 38 37 13 35 12 41 25 21 
21 17 33 44 47 25 22 31 12 28 46 0 48 0 6 40 13 27 29 41 20 32 37 18 42 19 0 24 3 8 0 1 9 5 36 16 38 2 4 14 15 26 45 23 7 34 0 10 
37 26 17 24 29 40 21 4 25 30 9 35 3 11 0 45 0 2 14 16 10 39 13 22 44 0 34 18 1 27 42 5 0 0 36 31 0 32 6 47 20 23 15 48 19 41 46 43 
3 19 8 17 4 24 20 13 0 2 45 1 0 18 48 6 46 41 0 9 7 14 32 11 38 40 10 47 0 16 26 5 43 0 12 22 39 23 25 44 0 30 28 35 0 36 21 42 
