5 18 0 17 36 9 0 10 0 15 35 34 42 28 27 46 44 45 13 4 8 16 26 22 6 39 49 23 14 24 40 31 12 32 7 43 48 3 25 20 37 29 38 19 47 41 11 0 1 
13 8 22 39 0 30 33 18 25 4 16 36 10 49 0 24 47 14 2 9 17 19 40 26 31 34 38 27 3 29 12 45 46 48 0 35 5 1 7 11 43 28 15 37 20 41 32 42 0 
46 23 0 1 22 49 18 45 32 40 3 14 10 36 4 2 19 13 35 37 0 7 21 33 17 48 43 12 42 6 0 44 27 28 8 29 26 5 41 15 20 39 11 24 16 31 38 9 47 
0 21 13 41 28 24 15 43 18 1 47 22 23 29 6 19 9 20 0 30 5 14 0 44 17 33 0 26 4 45 27 3 8 0 0 25 31 11 0 2 7 36 37 16 46 12 49 34 35 
0 44 19 1 11 34 36 32 42 30 6 47 0 45 20 25 33 49 13 23 41 2 9 38 17 39 35 14 48 22 24 4 12 8 16 10 28 3 0 21 46 31 37 40 18 26 15 27 5 
16 0 20 29 30 1 0 32 31 40 8 13 11 0 9 45 43 10 21 17 7 49 15 22 35 41 18 25 33 4 37 38 27 5 46 3 47 24 19 23 36 34 48 26 44 6 14 39 2 
28 23 1 47 18 7 12 46 19 24 43 31 39 8 0 45 13 15 37 11 0 35 49 27 40 0 21 33 20 22 0 17 14 3 25 29 4 42 2 41 9 5 0 36 44 38 34 16 48 
35 31 43 0 37 25 0 30 0 47 0 5 26 27 0 2 10 16 17 18 8 33 32 48 1 46 45 44 28 42 14 40 39 49 23 15 38 41 7 21 9 19 6 3 11 20 13 29 24 
0 13 29 11 12 27 15 16 26 35 21 28 46 7 8 47 10 9 2 24 0 17 20 42 3 0 1 6 14 44 49 0 0 41 4 5 30 33 31 37 38 40 32 22 39 18 36 23 34 
23 28 7 24 44 47 46 16 42 21 48 4 19 3 14 25 36 5 20 9 0 32 41 0 15 22 33 13 49 37 43 8 38 1 29 6 31 2 27 34 30 0 17 11 35 0 39 12 10 
43 0 9 31 22 30 2 3 27 44 21 8 10 6 37 46 16 13 0 15 17 7 0 19 26 5 48 34 35 4 23 42 18 38 39 25 47 32 12 29 33 20 36 28 1 49 40 24 45 
5 39 47 35 12 0 41 25 33 0 44 7 0 30 29 18 28 32 0 36 0 31 10 23 17 9 48 37 24 27 46 38 13 16 6 11 49 8 0 1 45 0 42 22 14 0 40 21 4 
35 0 10 39 0 31 32 12 6 0 48 14 5 37 47 23 25 0 0 8 36 19 15 0 26 0 0 11 30 22 41 49 9 13 28 17 44 3 43 45 4 38 1 33 7 29 42 34 46 
42 0 0 20 34 36 31 19 46 47 32 49 0 8 0 7 2 45 17 22 0 5 9 3 13 14 10 0 48 1 24 16 6 25 38 39 30 26 41 44 28 12 27 35 11 0 15 40 23 
38 28 24 26 19 1 30 4 36 14 27 39 49 32 31 0 0 20 40 16 17 0 15 2 42 5 0 48 0 11 0 3 46 29 12 33 9 18 13 34 6 7 21 45 43 35 37 47 23 
45 31 5 25 44 36 0 30 24 18 1 19 6 47 16 8 42 33 15 40 38 14 3 11 0 23 0 26 41 34 28 29 43 10 20 39 35 32 48 17 27 21 0 12 49 13 0 2 22 
7 39 33 22 8 5 43 48 0 41 26 11 46 13 21 14 42 1 25 0 44 12 20 0 37 15 16 45 0 47 0 35 40 6 0 29 10 17 31 2 3 9 0 27 19 30 32 36 0 
0 23 46 39 44 18 2 31 38 0 37 22 4 25 8 13 12 43 48 30 19 24 41 10 0 33 26 27 21 34 36 0 5 35 0 45 1 42 29 32 40 7 0 6 14 17 28 0 20 
15 30 11 21 45 25 14 47 29 5 8 24 19 4 0 0 18 9 33 31 22 6 20 28 13 39 2 0 36 35 40 10 27 44 0 43 16 1 38 46 32 7 0 23 12 3 41 37 0 
11 34 39 36 29 1 43 33 0 46 12 28 35 26 44 2 0 5 42 31 49 4 6 19 22 27 41 15 8 0 0 25 13 9 16 24 21 18 38 20 7 3 45 10 30 48 14 40 0 
