10 28 14 43 4 22 32 30 2 50 37 0 9 42 17 27 18 24 8 38 15 45 25 48 34 19 0 1 12 0 7 0 16 33 39 47 13 49 29 23 31 6 41 5 35 44 20 11 21 40 
46 38 4 33 39 40 0 45 44 0 19 48 26 20 25 24 16 6 13 49 36 50 5 0 0 42 21 0 18 2 28 10 47 3 17 37 23 9 41 0 31 32 8 14 34 29 0 30 35 0 
14 44 5 10 45 41 38 6 7 21 50 13 16 18 40 42 37 19 26 36 33 8 24 9 39 4 32 22 17 28 0 2 30 0 0 12 43 34 0 25 0 0 31 3 0 0 49 11 23 1 
41 1 6 24 28 49 0 48 25 29 26 19 39 20 0 11 42 44 37 12 36 10 27 7 4 22 35 50 40 46 45 15 9 3 30 31 21 18 32 8 14 2 47 43 23 0 33 17 16 34 
0 0 38 0 22 28 35 26 7 0 41 14 0 25 1 23 0 11 47 39 36 24 46 6 33 31 19 17 21 27 13 48 16 45 5 50 10 40 37 9 8 2 18 20 30 29 43 0 15 32 
14 24 38 6 0 0 15 17 39 44 37 19 27 4 30 0 23 8 29 33 40 31 48 11 10 49 0 47 41 20 26 9 28 0 7 45 18 42 35 50 46 5 36 22 32 21 2 34 13 3 
48 3 38 9 0 46 47 2 13 26 15 22 27 18 20 0 14 1 31 8 29 32 16 40 0 0 25 11 5 28 33 21 39 0 0 0 35 12 4 10 45 19 44 0 42 37 6 23 36 17 
49 0 0 0 38 21 0 31 37 15 27 25 44 28 0 39 0 1 0 3 20 46 11 4 0 24 41 50 14 43 7 2 0 26 30 45 12 8 48 34 40 13 19 22 5 23 16 36 42 17 
0 16 9 7 4 12 18 35 19 31 17 29 25 37 49 43 44 38 13 27 24 8 10 15 47 41 0 14 1 2 28 45 6 0 46 48 34 42 22 26 5 3 11 32 40 23 21 0 39 36 
0 46 2 15 48 1 47 43 22 30 41 21 16 49 29 37 39 26 18 44 0 24 40 35 20 11 32 8 0 3 36 34 13 10 33 25 42 4 5 6 28 27 0 23 0 17 50 0 12 31 
10 15 5 6 16 0 34 0 30 8 40 26 43 20 21 2 3 0 29 13 0 37 42 25 47 27 36 45 14 7 19 0 38 31 49 46 1 28 0 41 48 11 17 39 9 24 32 18 23 12 
42 0 9 26 31 20 44 19 2 0 0 35 43 48 33 3 50 16 10 18 5 38 7 47 17 25 32 8 0 49 36 6 24 15 13 14 1 28 22 23 37 39 21 27 0 45 4 40 29 12 
0 43 17 49 22 41 0 50 37 9 10 7 35 45 8 27 0 31 20 14 39 15 12 3 30 34 24 2 6 19 1 28 38 29 46 33 42 44 48 0 5 0 25 32 13 21 18 16 23 47 
6 32 22 26 0 44 40 33 18 24 34 13 30 0 7 37 36 2 5 14 3 45 25 28 42 35 0 8 48 46 9 0 23 38 47 0 12 17 0 39 50 0 0 19 20 31 1 49 21 11 
0 0 2 10 21 47 42 31 14 3 50 29 17 0 46 23 24 19 16 26 28 18 48 7 37 43 15 22 49 39 5 44 12 4 30 32 45 1 9 0 27 25 35 40 33 34 41 11 20 13 
0 23 0 45 37 30 31 10 38 0 19 0 0 29 11 7 48 15 12 49 34 42 28 2 33 20 25 26 0 17 5 16 3 40 8 6 47 4 14 36 0 50 18 21 32 41 0 46 1 27 
5 0 7 30 12 21 9 1 15 33 27 0 16 35 13 17 0 0 28 0 25 50 47 18 40 14 10 0 3 11 20 0 0 0 2 8 49 46 0 19 32 24 41 23 37 39 45 31 34 4 
36 46 28 0 45 16 22 17 50 40 0 31 39 44 19 38 48 11 23 0 5 21 10 13 4 12 35 29 0 14 0 37 47 42 3 20 7 30 26 6 18 41 33 0 0 32 9 49 34 8 
50 43 10 22 23 33 3 30 39 9 12 37 0 42 4 7 21 41 24 17 8 32 40 27 14 35 25 13 18 5 38 34 20 0 11 49 46 44 31 45 1 15 0 2 26 47 36 19 0 48 
44 18 13 0 32 31 35 16 11 41 7 3 40 1 47 9 34 5 45 29 27 10 19 33 36 24 22 6 46 28 38 14 0 30 17 12 21 2 15 4 0 25 8 50 20 43 49 0 48 39 
